41.00 81.50
53.50 86.00
46.00 84.00
41.00 73.50
51.00 62.50
42.00 75.00
53.50 83.00
57.50 71.00
42.50 72.50
41.00 80.00
46.00 82.00
46.00 60.50
49.50 76.00
48.50 72.50
51.50 82.50
44.50 70.50
44.00 66.00
33.50 78.50
31.50 72.00
33.00 81.50
61.00 45.00
49.00 79.00
26.50 64.50
29.50 74.50
39.50 70.00
51.50 66.00
41.50 71.50
42.50 79.50
35.00 59.50
38.50 73.50
32.00 81.50
46.00 60.50
36.50 53.50
24.00 60.50
19.00 57.50
34.50 60.00
37.50 64.50
35.50 51.00
37.00 50.50
21.50 42.00
35.50 58.50
26.50 68.50
26.50 55.50
18.50 67.00
40.00 67.00
32.50 71.50
43.00 55.50
22.00 54.00
36.00 62.50
31.00 55.50
40.00 75.00
37.50 63.00
24.50 58.00
30.00 67.00
56.50 61.00
41.00 57.00
49.50 63.00
34.50 72.50
36.00 73.00
27.00 53.50
29.50 52.50
38.00 65.00
18.50 74.50
33.50 68.00
