3.50 0.20
3.10 0.20
3.60 0.20
3.90 0.40
3.40 0.20
2.90 0.20
3.40 0.40
3.10 0.10
3.70 0.20
3.00 0.10
3.00 0.10
4.00 0.20
4.40 0.40
3.50 0.30
3.80 0.30
3.80 0.30
3.40 0.20
3.60 0.20
3.40 0.20
3.30 0.50
3.40 0.20
3.00 0.20
3.50 0.20
3.40 0.20
3.40 0.40
3.20 0.20
3.10 0.20
4.20 0.20
3.10 0.10
3.20 0.20
3.10 0.10
3.00 0.20
3.40 0.20
3.50 0.30
3.20 0.20
3.80 0.40
3.00 0.30
3.20 0.20
3.70 0.20
3.30 0.20
3.20 1.40
3.10 1.50
2.30 1.30
2.80 1.50
2.80 1.30
2.40 1.00
2.90 1.30
2.70 1.40
2.00 1.00
2.20 1.00
2.90 1.40
2.90 1.30
2.80 1.30
3.10 1.40
2.20 1.50
2.50 1.10
3.20 1.80
2.50 1.50
2.80 1.20
2.90 1.30
3.10 1.50
3.00 1.40
2.90 1.50
2.60 1.00
2.40 1.10
2.70 1.20
2.70 1.60
3.00 1.50
3.40 1.60
3.00 1.40
3.00 1.30
2.50 1.30
2.60 1.20
2.60 1.20
2.30 1.00
2.70 1.30
3.00 1.20
2.90 1.30
2.50 1.10
2.80 1.30
3.30 2.50
3.00 2.10
2.90 1.80
3.00 2.20
3.00 2.10
2.90 1.80
2.50 1.80
3.60 2.50
3.20 2.00
3.00 2.10
2.50 2.00
3.20 2.30
3.80 2.20
2.60 2.30
2.20 1.50
3.20 2.30
2.80 2.00
2.70 1.80
3.30 2.10
3.20 1.80
3.00 1.80
2.80 2.10
3.00 1.60
2.80 1.90
3.00 1.80
2.80 2.20
2.80 1.50
3.00 2.30
3.00 1.80
3.10 2.10
3.10 2.40
2.70 1.90
3.20 2.30
3.30 2.50
2.70 1.90
3.00 2.30
3.00 2.00
3.40 2.30
2.70 1.90
3.00 1.80
