0	-1.5153886924392386	4.634568380243305
2	-5.9995007599460894	-7.275829004998625
1	-10.655108427184349	-3.98447843976084
0	-3.9886080807137727	5.2741864992275245
1	-11.124258924420623	-4.491799488448775
2	-5.043482814214345	-5.1271425342943315
0	-1.3802423582441141	5.693918870166473
1	-10.875415423306137	-2.7048208242067577
2	-6.918137437848107	-6.495225176893015
2	-6.134295061893925	-8.549322845175666
0	-2.182266616127466	5.2130475000044925
1	-9.613633924457321	-5.026196758520388
0	-1.7126117932665859	7.572397449244226
2	-7.0292284801255995	-10.804061255376226
0	-0.81541826101998	4.7675955071997596
2	-7.024818795804197	-9.435808514430128
0	-0.7745007097072742	3.38741419434731
1	-9.801074204140644	-3.429723021041224
2	-6.394870640209678	-5.680106412013264
2	-6.58844933318588	-9.143972371164645
2	-5.921122478694723	-7.9334830550735616
0	-2.34947415220955	5.373020367888645
0	-1.1823286064304854	4.3776424176967055
2	-6.398898335292062	-6.610226755572936
0	-1.6278021630662962	5.049477978293991
2	-8.886076002437768	-6.933335913536857
0	-2.148651864588724	4.360122742436958
1	-11.6376683668066	-3.616672445322549
2	-7.202913833230236	-9.129061036508483
0	-3.049867814761456	4.132859259298515
2	-6.59706983809886	-8.978444448307746
2	-8.952056062959858	-7.837790852448574
1	-8.916683601509847	-6.2715200034928955
1	-10.55792718673597	-5.9350084078470084
1	-10.84052702305639	-3.471891922460056
1	-8.806816889938881	-3.0422993184366653
0	-3.5786991404188027	2.3961761049879104
1	-8.975609638452692	-2.8523308324848435
0	-2.822765558004403	7.252756079552187
1	-9.980079242863276	-2.1411993556523816
0	-2.696463341091763	6.120335748850994
0	0.8301433597162862	5.519556109709165
2	-7.211845659470801	-4.585868673471219
0	-0.40555282679711624	6.721528535049887
0	-1.1825384613197663	3.0710825406807882
2	-9.592313356886793	-9.270707854663923
0	-0.43615936638220254	3.9834810152267206
0	-1.2955557443258277	4.709235137154168
2	-8.302123574592216	-7.365951686748938
0	-0.18005712421665665	4.726790720846324
0	-1.2863611638668637	3.9615281402868674
1	-9.900636445371772	-3.1178501371044565
1	-10.235622658493572	-2.910389554504172
0	-0.8628142157641818	4.412491131806225
0	-1.5962392858751302	5.2807126894168945
1	-10.937397323148176	-5.931132314470026
0	-0.6406081885240251	6.547810295834179
1	-7.829544541633756	-7.884866001075203
0	-2.0027086492537634	6.8265319306878345
2	-4.300240426197647	-6.030876374344851
0	-3.5311610873072503	6.599891843006372
0	-3.6024467338701505	4.517970699367109
2	-7.5198827634697505	-7.633505120549814
0	-1.8597929099976105	7.386337535256762
0	-2.584679543540269	4.386533536881916
0	-2.457910937295786	6.083689963919705
2	-8.025635868029937	-8.33901038182223
2	-8.790512327844377	-9.088595492896292
1	-9.16141354158712	-4.617331661868434
1	-9.582022752811373	-3.7279280867530113
1	-7.129609383847457	-4.148861445786213
2	-4.7258637848755125	-6.007343555623459
1	-14.18487856053585	-0.9450061835312331
0	-5.2798144077092015	1.7401403051341804
0	-2.868827223878705	4.480082407402816
1	-11.628563009653991	-2.2529283599455168
0	-1.3599205731595783	5.8055719893752995
1	-8.924712329995941	-3.2946574875350016
1	-10.762215614573723	-3.3176884020714477
0	-1.419504301776774	5.720743250517499
0	-4.32145388828577	3.9381453767764434
0	0.3049989525754606	2.674015916449115
1	-10.246742308195097	-2.1999589858713975
0	1.4223762478286543	4.486604174040683
1	-11.443197381004659	-3.3934570868875373
1	-9.487180060273065	-4.650390250600116
2	-4.200589146328871	-5.821193892600295
1	-13.807645608611612	-5.28829081284476
0	-1.5511820572146926	5.921170871264499
0	-0.9167429199815789	4.14443512922941
2	-5.931820682341789	-9.543716815687997
1	-9.898123453884565	-3.142445199226647
1	-8.524722017074362	-3.2955055502296435
1	-9.391610345931523	-3.184697327154686
0	0.2997491917546533	3.4995854150965977
0	-1.4125623071747095	5.573751137492511
2	-5.169843602379699	-7.765526284054843
2	-7.817066403097895	-8.331656808765127
0	-2.1754109697641084	2.9062360840343877
0	-2.4958019886275844	5.815242985137893
1	-13.025245081195312	-1.7946454435623052
2	-6.532123166952132	-7.365187792610488
0	-1.1276568277792776	4.087929940607231
1	-9.429849138459359	-4.762895026582982
0	-3.967749774565484	3.7346470917689834
0	-0.6380915149774424	7.050403220968133
2	-8.082404284148653	-7.389810495345561
0	-0.2102286120810073	5.495365147624393
1	-10.668922412747555	-3.670474178796645
0	-1.5940564161809359	4.067018505072753
2	-5.117024750996772	-10.997645000260633
2	-7.225072638361818	-9.241033873119692
2	-8.339832485751954	-8.175713747616939
0	-2.0588876649539527	4.455411688883199
1	-13.020959517142892	-3.407207177442597
1	-9.582004256289437	-2.11148550010028
2	-7.6034130944869975	-11.880571217456493
0	-0.7825899902323803	4.892901234015793
0	-3.0926977995090534	5.285355515497085
0	-0.7245166410814705	3.75405484441032
1	-7.99335742664784	-1.4660901659783878
0	0.3097832113460728	4.441525410197648
2	-8.883054655871184	-8.751358054015173
0	-0.5325540532077926	4.617083023514187
2	-6.923259072788434	-10.338263545666143
1	-9.684194083548046	-6.599960668309281
1	-11.745539506698156	-4.591477084570646
2	-6.911788562113483	-6.376772529795453
0	-1.1955832026415272	8.782453013152823
0	-1.7139818387790728	3.157896847310128
0	-0.8058730122113515	4.702463856464847
1	-9.749639653707616	-2.0866599543198103
1	-9.557354372780717	-4.495454338165914
0	-2.9063200107266236	3.5605101812279267
0	-3.4584619544512987	5.701507845159194
2	-7.7008068105179275	-6.958431906644409
1	-10.685874966966182	-2.8691145222628265
0	-0.63355791367559	3.87637489454264
1	-8.269702648631124	-3.6894567086734398
0	0.3244810717144402	4.697752393283827
1	-10.346616829774597	-2.748943546688512
0	-0.10938370105216366	4.187079956926131
2	-6.172098287470842	-7.743227417336844
0	-0.3308212074996588	4.691282342917805
2	-6.908597219848811	-7.0839121554400135
1	-10.988377289793332	-5.17861518615349
1	-9.495339788002513	-1.399703477001292
0	-0.620698384639486	3.688481334219669
2	-9.33270489078732	-7.8325748983144114
1	-10.238069677337634	-2.8699283619111307
0	-1.044161287853253	5.69629632653853
2	-8.86564463955844	-7.2794472696511505
1	-11.164170039717021	-2.776938796702578
2	-8.542305544886744	-5.608637323831648
2	-7.937316459055356	-9.88779149306528
1	-13.238654510102602	-3.3433650733403972
2	-10.441497006694508	-3.8128392768805917
1	-8.214196368065515	-7.430991263894313
2	-6.742709210459806	-5.780258381935706
1	-9.174219815870764	-6.812697815893825
1	-8.294703661474548	-5.862512003560937
0	-3.0822193906292146	3.7712724230048575
1	-9.77791439450549	-3.5755589924829496
1	-11.963694352091192	-4.704400910144466
2	-7.310807503494127	-10.269677062041005
1	-9.430967816706161	-2.1078995301385492
2	-5.160080291846292	-4.762106626687136
2	-8.30831515982503	-8.83906962532391
1	-6.87152823211675	-3.3822333673983724
1	-10.175525128816869	-2.6609541913506254
1	-9.555603231360188	-4.206341977479141
1	-8.552922857942468	-6.897961149286104
2	-6.781713378169314	-8.634943719369783
1	-8.530221189748863	-4.286301896929112
1	-9.43584833571925	-1.776345873722399
2	-7.437360674348502	-9.619998582509858
1	-11.446645316001838	-3.475309733192507
1	-9.216494205336494	-3.8657907214187097
2	-6.015728683755807	-9.256103794666505
2	-7.145265184042626	-7.7635077826124705
0	-1.610636681213505	2.4900353662213095
1	-6.739306729920915	-5.1918293837590035
0	-1.980541578290812	6.125380900044644
0	-3.9261748178138234	3.099356770450725
1	-9.719199473014774	-2.997810569170917
0	0.7879773644976762	5.697826730370806
1	-11.313582795620519	-4.019589747123463
2	-6.410609909806443	-6.340564198351753
1	-10.900818437185988	-4.333779131754172
1	-10.710595413700036	-4.4133001184171095
2	-8.449048638718496	-8.491210085166678
1	-8.612078550057154	-7.634186442860106
2	-6.880626496281336	-10.677234800086818
1	-7.308792896204341	-4.911993297658394
2	-4.398281788970531	-5.508490679299687
0	-2.5612951069225947	5.240600133959239
1	-12.293343606311026	-5.145402525001566
0	0.7883438670340226	3.803806618095331
1	-11.861163271153387	-3.177440080908309
1	-9.444713964159275	-3.7964000623525247
2	-9.444816264238002	-9.600158612815562
2	-5.887288466434576	-9.715857311952389
1	-10.55580952516804	-3.8269024609977684
2	-7.300435399643188	-7.153911387568236
2	-6.099389628651881	-7.611911304824327
0	-1.8408938716780243	4.015648982909635
2	-6.012400535402131	-7.673076330293536
2	-4.976332404644699	-9.548698501784763
2	-6.82926775909789	-10.294212580816549
1	-11.670163759946355	-5.906287086387149
0	-0.3082759820519019	3.380898080081662
0	-1.9815406692875537	5.9383620579915135
0	-0.8786954003384633	2.6899777844084474
2	-5.938131565491898	-10.27191637232529
0	-3.233161523701444	4.881478211578143
1	-10.156432407868019	-3.8920504675705976
0	-2.513282886216475	2.8137947268768895
0	-1.0336068984862257	5.583645845366545
2	-4.694855789546024	-8.14305212340368
0	0.881153763983602	4.701794537718599
2	-7.076262810771378	-7.65389722078063
1	-10.404555576333493	-1.158978912702997
2	-6.037652998394801	-6.387046513788587
0	-1.8950504146884963	2.4036857843203743
2	-6.8274036480026465	-8.134170946525693
1	-7.742370667487657	-6.0041001349214635
1	-13.745031575042596	-3.3768095177512163
1	-10.242487868195228	-3.5404752421895176
0	-3.3998150634219337	6.43165009686575
1	-10.898388315986809	-5.322228698057525
2	-7.173812318697915	-6.418734389491572
1	-10.748778052043392	-5.4883918495934765
2	-10.813223595723851	-8.950321416778381
1	-11.652537023062731	-5.587675195057767
2	-7.441929902098257	-8.74270160397827
0	-0.2097510306049335	5.476063444298065
2	-6.272494434384808	-8.704826066860022
0	0.6492506085340746	2.683433524387743
1	-10.643867112741503	-2.536921453564271
2	-7.275438675965247	-7.940765595377827
1	-7.901802615888154	-4.3960515363399715
0	-1.7141278715946615	7.2576588484289
2	-4.501070637708561	-8.510505633946615
2	-6.81437347028111	-7.501743490829689
1	-12.315002818564267	-3.235230850612785
0	-0.727935854690007	5.840672425030206
1	-10.613037732560601	-4.633849234447704
0	-0.737470492207347	3.8830135824698324
0	-2.0047310011254202	3.6699682197944963
1	-9.568215849949292	-4.790099478971986
2	-6.48210896169426	-8.107445155889035
2	-8.05915395181404	-7.532278301389323
0	0.10601847771644302	3.4448281460463277
2	-8.510513774523538	-5.9834351410412285
0	0.15312458687942487	6.080042573019891
0	0.17025166259741265	2.7058018157527943
2	-3.9340615700251913	-8.887081187732909
0	-1.9579660813743636	4.859429936952379
2	-7.174113568790589	-10.168372312057194
2	-6.6300930814185035	-8.618523455124226
0	-0.5487252293041074	2.9759389661312596
0	0.06079065865070499	4.331936000105148
2	-8.101844991231578	-7.7734437824480045
0	-3.504647109448962	5.232296112807484
2	-7.540399362653742	-8.398831296084262
2	-6.998544177611182	-9.789654798758981
0	-3.143006591585826	2.981694079611673
2	-5.666502492774718	-7.103844762303166
0	-4.577130343866578	3.033353316495602
0	-2.1770407211809886	4.060230254139958
1	-8.239038722371987	-5.185749274222397
2	-7.351657567644546	-7.940694540486604
1	-10.874628759575252	-4.939742757077451
2	-7.947851331405271	-8.141786932304752
2	-9.841959787107054	-7.838414354535981
1	-8.04587524705936	-4.421936720150359
1	-11.239238439562605	-2.5074916512002665
1	-6.775445138500225	-3.4010193138126863
0	-2.5975729081475016	3.515725267961397
1	-9.771324378190066	-3.0987216108562006
1	-10.522384996700046	-3.5505577947356426
2	-6.091690143679621	-8.331171614804212
1	-11.05164291979983	-6.520995844953884
2	-9.83566344998054	-8.430652151330868
2	-6.867411957797404	-6.497655877578743
1	-10.818170373211476	-4.346729357770061
0	-0.0994261762173767	3.0288298113931225
1	-9.852603471757996	-2.34909704581252
0	1.925659037551748	4.774624142626841
0	-2.780297346574776	6.945171770384782
0	-1.825230445574494	3.48044677327462
1	-11.623652708980071	-7.193752666937156
1	-11.331708874614874	-3.771466116807837
0	-2.8105246454461215	5.418345929277168
1	-8.514946540324392	-2.3911890957974906
0	-1.9729012560106867	5.286424655616458
2	-8.565055763577764	-7.332730760155857
1	-9.746562621481218	-2.414724225653243
2	-5.222124287259595	-10.61625859638496
1	-8.605277181265501	-3.8282652915093407
2	-9.501420628406569	-9.417904099763303
0	-2.6655533353820653	4.97283554832454
1	-9.197661319012665	-4.225906340592626
0	-0.4354943794624282	3.487879409149926
1	-11.603144941047221	-4.124020893833828
0	0.8261270511158689	6.533000888342202
2	-6.497335503387751	-8.367721089690132
1	-8.560609726254011	-1.3933557851399923
0	-3.568398038817511	4.87681144953831
1	-11.722296685864814	-3.314914677946649
2	-6.014732907062191	-9.729142143391158
1	-10.561841172532434	-3.8563650073086975
2	-6.769613536556421	-8.85949306944003
1	-10.54646748462613	-2.806595368568054
2	-9.832758582567553	-6.865322201554283
0	-1.0616623237063636	4.118484323896595
2	-8.887720310854434	-8.980212821291069
0	-2.0142153336679995	5.498210118842635
2	-6.467774501836608	-9.346386506737025
2	-8.375115846784983	-6.796298819055153
1	-10.627289308522359	-5.79245348922278
0	-1.8685876141249014	3.313683634706109
0	-1.8853163944241969	5.779738770937021
0	0.27693015149421374	4.526249285727591
1	-10.214641483462254	-3.120593587084558
2	-5.481079280383163	-9.830707859943372
2	-6.192273250203411	-9.018138434555361
0	-1.9346602019285555	6.057990172845884
1	-11.885237379577577	-4.9040366279082335
2	-7.04790517297028	-5.61671307714665
1	-12.995858419913104	-3.63380995777092
0	-1.8402567636312808	2.5568087656735217
1	-8.972678121784197	-3.0404784721716602
2	-5.349160494991051	-8.917533284542152
0	-4.502460327163218	4.541083545010138
1	-9.876087694956212	1.195646600330134
1	-12.3588226413537	-3.802458420843616
2	-6.583272875786688	-9.025741522880601
2	-9.079470212394025	-8.293269727551028
1	-9.085179438615773	-4.4808863615485715
1	-9.869788030384383	-3.6333546432667227
0	-4.469301372401472	5.787412545925596
0	-3.2278612770138615	4.939416629352506
2	-7.599723089761265	-10.360908151373636
2	-8.698512903243486	-6.233140959869617
2	-5.727896462910099	-7.9845720708938295
0	-1.261096302177092	4.015790780545092
2	-8.324356726791601	-7.6475267410557635
2	-6.34187289883422	-8.784879947788328
0	-2.0613920253875433	5.2020230689504405
2	-4.240337879173447	-6.975821521181157
1	-10.832114456577502	-7.854311261032847
2	-6.772448761472868	-9.874493191135363
2	-6.5411812549207315	-7.475124274653577
1	-8.262268758065755	-4.212607605206414
2	-8.26343598277143	-4.2588477162064375
2	-3.3478740194819814	-10.821270196302674
1	-11.204524881683264	-4.923221870435283
1	-10.621825819893376	-3.005862895876893
2	-7.859395236894731	-8.477491626749007
2	-6.122369610248892	-7.34740637283217
2	-5.5668763003086585	-7.655687008231872
2	-6.221069508370384	-5.635087505382997
1	-8.857334883117996	-5.148944395783445
1	-10.169039893850165	-4.23799929702878
2	-6.575919851853798	-6.945511693166566
2	-3.6044912727009795	-9.576351982637703
0	-1.9182022172741733	3.089702241961104
2	-4.619654283524728	-8.850815993675779
2	-5.915542897626606	-9.766417829429027
0	0.02256665640497646	5.019840675748403
2	-5.815654068375174	-7.228057259253079
0	-2.1314056988244507	2.388974838440599
1	-10.27915202731994	-4.176760391079918
1	-11.351960117408774	-3.0810846225010207
2	-5.442653302892433	-6.65204921596235
0	-2.195831226977039	5.190472629990345
1	-6.365328547746655	-4.964374508172925
1	-11.045568496727883	-7.446910231003713
1	-9.22766510023333	-2.656595992079363
0	-0.38187544967554565	6.858393620897284
0	-0.05608094852014278	4.09186046570933
0	1.6264896875060808	1.561948484506523
2	-5.399275838795829	-7.667154025763421
1	-8.83189931098627	-5.137059757587306
1	-9.039233573113288	-2.4231195805901766
0	-3.2613747706783522	4.291470824784564
2	-9.0121570223833	-8.785796617676143
2	-6.2625276043916145	-5.450803032727024
1	-10.919673891028467	-3.7728349053514596
0	-0.4462933655499963	7.091121893652568
1	-9.48517960534377	-4.141107544243748
2	-5.654553825980001	-10.270168304882382
2	-5.312450052314317	-9.227321910874391
0	-2.549575537312148	5.171951263961045
1	-9.281758909065275	-4.313452897492391
2	-5.619331138378759	-10.497783656912345
1	-10.801405996674095	-5.239749027667561
2	-6.535208698052567	-8.904693415048092
1	-7.15197147257428	-6.025435277046009
0	-2.0004386699890366	3.3152757042634597
0	0.597222894048488	3.5388494100456933
2	-5.182551876519243	-7.791564429053312
0	-1.7183272902627647	4.063358612012843
2	-6.932458717659806	-8.890626044938877
1	-10.382604791268745	-2.2063418039148015
0	-4.283668038542353	6.395373894075885
1	-8.485419087287708	-8.477396525177152
1	-11.460795321709815	-3.1642058978623617
2	-8.230645166575586	-6.661575601090185
1	-12.28804205208867	-2.105675266292391
0	-3.3382330037881114	7.340608224398625
0	0.5047554867959443	3.596967525539423
2	-9.155217634116232	-9.465038885658284
1	-8.19172213502866	-3.5621484489844857
1	-8.38916969780575	-3.414823731551842
2	-7.390101226895723	-7.1206419286917955
1	-10.054276294953741	-3.885454694282138
0	-1.5002258198956928	2.117969394499125
0	-1.7176031698475962	1.9828313367882195
2	-9.102034375100503	-4.485161040301962
1	-9.842000982020094	-3.7288172542041274
0	0.6904693956956969	4.049867721625116
0	-0.21352595762239202	5.067923869863827
2	-6.577579355300312	-9.017156398854404
2	-9.833877011874694	-6.808617691100293
1	-11.592105647211628	-4.335298145561608
0	-2.7911568174434986	6.285792101693094
1	-10.87599512381967	-1.7211361972035903
2	-3.8550045264082904	-10.032906975345831
1	-9.917038897012482	-4.642721297121756
2	-7.114295016385659	-8.593893524124631
0	-0.1317311937966965	6.252327168775248
1	-11.439758207495283	-6.093871990430645
1	-10.69048676106467	-6.620825735060711
0	1.5471821952107039	3.228188873462808
2	-6.983826749141026	-9.37343581196837
1	-12.693386642184421	-2.024159174684923
0	0.4236091886068829	3.4144735041136336
2	-9.18579239671866	-9.634254425028512
2	-7.976454838671827	-7.058507687347948
0	0.17817386796132673	2.826170758292689
2	-6.5507220671264665	-7.970260821213072
0	-1.9594689957804388	4.417573344402437
2	-7.051999267980313	-9.741198579033993
1	-10.036586651640341	-6.88463627095138
0	-1.6378872834218399	2.1871198169189934
0	0.003365231035993066	3.3521092644779085
2	-7.328557073295246	-8.990585915449218
1	-10.331041717170109	-2.59083901210933
2	-6.584078797960982	-7.340305840883461
1	-11.212922549618664	-3.0313546681751706
1	-10.434410759844608	-3.0417756746547706
1	-12.307831110665319	-3.322458459835535
1	-8.078012246207138	-4.630982459755837
0	-2.8588811419861595	3.9690979755919127
0	0.4100773814608063	5.310166220702577
0	-4.575442543446201	2.645454354028896
2	-9.524640325575946	-6.690220185016305
1	-11.892783915252773	-5.939722373133682
2	-5.367984877457385	-6.578222947229227
2	-10.148347119078853	-9.489605357467958
2	-11.080144248178975	-8.509775800127496
2	-7.811527656800353	-9.68967872319587
2	-5.458793795444725	-10.218205458672179
1	-10.290243818611728	-6.914720191320132
0	-1.1100618841384322	2.8396057959814742
0	-1.4394120108681854	5.264197187140646
0	-1.5428282140794607	5.334060261840948
0	-2.3726192186554926	5.122905141569498
1	-8.532507620309897	-2.6740984099940057
0	-1.2093044260147783	3.8781150991028834
0	-4.008167131932378	5.92722356930072
2	-7.772061923212667	-7.221076140511379
2	-7.990794490867642	-7.9293870315646755
0	-2.8324274299787207	3.75022639460029
1	-10.20227126828785	-6.007269155183192
1	-10.103308124515118	-4.864544700262347
0	-2.9045763843000296	2.877210094734587
2	-5.181090468526867	-7.1648287726340465
0	-0.9975132405956464	4.256257018917912
1	-7.783091514386058	-7.108587720065945
0	-0.03792041641688115	6.9930774487709915
0	-0.142749310286157	2.191645878062891
0	-1.9997001942028956	2.059728088126367
2	-6.242645334384852	-9.82615351937267
0	-4.0282943340402175	3.1635479005585525
2	-2.8838400117317464	-7.544029208977695
0	-2.697051033536483	3.8113595785591956
1	-10.510177380601165	-4.811387378182846
2	-7.910785094822447	-4.35953626624421
2	-3.9302708080835034	-7.437223115088735
1	-9.958514534357176	-3.159531590966995
1	-10.951482551528665	-3.5761383806564018
2	-8.271536430655754	-6.37774142946915
1	-12.425189401068064	-1.1610008939469703
1	-10.946597717237456	-4.268118970153583
0	-2.175340419305133	4.471885154094532
0	-3.280625944616779	5.494700875565465
1	-9.289508629801352	-4.9084510836491395
1	-10.362248101193432	-4.73532319352424
2	-6.596111795190359	-6.091591077521875
1	-10.774083292549504	-3.636196093875777
0	-0.05610247264662549	4.46704701537742
0	-2.2962990918049107	3.3091933962476614
1	-8.88420014301987	-5.650255359800112
2	-5.487631107579441	-8.702412994777259
0	-0.35310520215015595	3.6438041674300603
2	-6.175392818139063	-7.274988985420167
1	-10.479434473733043	-3.903752688769014
0	-0.10132300315939835	7.686959339304548
2	-6.977591530869947	-6.782118584178778
0	-3.43303709571297	3.4078580915444716
1	-8.025301322376063	-3.980734850124275
1	-10.398107947127718	-2.889612789553628
0	-1.0250550915736056	4.205117021897683
0	-2.3168603069565226	4.684793300292995
1	-8.520768247688	-6.33395177749254
2	-7.33925585081468	-6.363044812579432
2	-6.1041855937813825	-11.268265027808058
0	-1.3108180671804126	5.430316979139889
1	-11.824481579791868	-3.8668104084966632
0	-1.8335376841571138	4.143301415850533
2	-6.959345322355783	-9.932682373692979
0	-6.240206476587977	5.126268425573888
2	-6.050459917703928	-6.7850978173975065
1	-10.238365315767142	-5.995529607585738
1	-8.371084658503781	-4.118493984841197
0	-2.6292964461245107	2.233002546060094
1	-10.284256260752514	-5.132530452723456
0	-0.9828754978466216	3.364108517065303
2	-8.253993107893002	-6.457320338578949
2	-4.679047088787586	-7.338557522453984
2	-6.519111778423399	-8.781855760129721
1	-10.555910377467285	-2.5799202191233546
1	-11.07267854260564	-5.0163310387056965
1	-10.47663379177558	-4.236348055720883
1	-7.715561436131353	-2.6464761260292846
0	-3.6193610152145475	4.521060589082549
1	-11.881113310712903	-2.383356469926505
0	-1.939221812874346	3.873627598597719
1	-9.263883713018362	-5.62859693321758
0	-3.9949722427460665	3.487826676416645
0	-1.0152706959155728	3.4959922715430922
2	-6.814113511284113	-8.23152790940548
1	-5.929787692810368	-5.6005714961990325
1	-10.692418096279109	-4.315844224368599
2	-7.415043756904549	-8.021048547931066
0	-0.49343109807522545	4.228333110688528
0	-0.886439203273658	2.734183290294256
2	-6.368399007806922	-8.760380997462894
1	-6.826976864973936	-3.4665182734695943
1	-9.789394191848844	-5.7595005718677585
1	-11.643977207623065	-2.591465416993966
0	-1.9636007675097131	4.624967594772893
2	-6.63262454032478	-6.9739543932764985
2	-4.447279520068587	-8.4240650705146
0	-1.7072856649967068	4.575221482464455
1	-10.623959237754349	-3.7556750965869194
0	-4.876225976041195	3.8521462308370116
1	-10.197161176443315	-1.9703278706152116
0	-3.132801342991523	3.7355276262130954
0	-4.715361744469712	1.492606096628478
2	-6.942106870761736	-7.4110847317330375
2	-7.654595421497262	-6.598602588745342
0	0.5842672428781936	5.419670582649479
1	-10.669880212793375	-4.8695410516358235
0	-2.1247350662256097	0.7542332226824531
0	-0.8213554236708525	2.149152943173893
0	-5.419220884962611	1.2352439859679225
2	-6.144304423848297	-8.276607447550727
0	-1.4251641305433946	4.121158331215869
2	-7.941305193326718	-7.998481123782641
2	-8.587238680671147	-7.4417721565913375
2	-6.694602277029231	-7.641144534010984
2	-4.678615668066337	-9.301749446312499
2	-7.30294406612853	-6.816408869204238
0	-2.305580846559443	3.509537055092804
2	-7.51852937494064	-6.342252558873733
1	-9.806740550294968	-4.059773059714493
2	-6.621071704892143	-6.901693591240964
0	0.10330758311356147	6.08633837417737
1	-9.535406302898503	-2.2801144862209926
0	-3.1923888229104835	5.598282228244785
0	-1.2355463375758893	3.1673437210721813
2	-5.452208645901817	-6.3057240878189305
2	-10.887957263966452	-5.950717397191611
2	-6.054402143330849	-5.80138515820808
0	-2.0782064882634548	6.840763497774163
2	-5.484668253979564	-10.029245199215929
2	-5.432716391035651	-11.062873819974069
2	-9.15757549807442	-7.598145925993297
1	-10.070409007717407	-5.815439937256263
1	-10.242400012972375	-3.0815711308971236
0	-1.2988015777274764	2.907350116805892
1	-12.2921094727151	-3.394207823780772
2	-6.684799263867715	-7.638289495489061
0	-0.2713080838949411	3.7210080824528555
2	-3.9996772137609966	-7.6386158767018095
0	-1.0301670496241802	4.269871766452392
1	-11.552696304995806	-3.135507160885937
1	-9.879674428892072	-5.743401582907596
0	-1.404756022927162	2.660477912101358
2	-7.031204237324079	-9.459784308915253
2	-6.373358238042961	-6.178468500560921
2	-6.817254557987409	-7.803559150074014
0	-0.2568382365619073	7.125281591519473
0	-2.192680141686732	4.554903237891906
1	-9.87710180806839	-3.102075449585026
0	-2.118865924891077	5.648451832754031
1	-11.836746415349767	-2.8844927021274396
0	-4.574545014451049	4.935231415397161
0	-2.93674339074476	5.907812004363613
1	-9.876871947749969	-2.577218897759844
0	-1.0811564674320318	5.483925972474676
0	-0.8394645070738804	3.69041737549417
0	-5.0002288537235415	1.8574894617597177
0	1.14889498746447	5.558217062329456
1	-10.62451843032596	-5.298667926987381
2	-9.14397181597876	-8.50947867832877
2	-8.810324952186875	-8.755387383583104
2	-7.023399603121302	-6.756436038625846
2	-5.895108077528114	-5.651560755635707
1	-8.624648291691889	-2.592632746031278
0	1.0925165340260108	5.253064152084632
0	1.6188032038512228	2.311745365610955
1	-11.931407562865482	-3.788674128194678
0	0.16735144525350143	1.4954684222958217
2	-6.211749989629421	-7.329694043022493
0	-1.5833482737844762	3.4509963989891315
1	-9.659928352203625	-3.149842663308476
1	-10.972102825891753	-4.836968774288177
1	-9.862142133985497	-3.5403861280439037
2	-8.125708820156634	-7.132466022343379
2	-7.629765725784953	-7.636746916104064
1	-10.446442409944376	-3.52511139312047
1	-7.606506434202938	-3.50664998967175
0	-0.39031893457096944	3.117215957595182
1	-11.249460006836815	-5.762148915102115
0	-2.048034186049318	4.6904296651811475
1	-10.692719455407598	-3.50791249572724
2	-8.793444488103114	-10.269475999751496
1	-8.989669651680144	-2.6088660770598993
2	-9.340744785007049	-7.774281075509263
2	-6.2664499140754595	-8.629612096369234
1	-12.726885766959803	-3.5733776887790154
1	-12.469941881564505	-5.99826338293091
1	-9.92641057040545	-3.6034289567791418
2	-6.72971249184312	-6.584877036618039
2	-5.724361453283983	-8.616837413688359
1	-10.978449288622997	-3.414156948886273
0	-3.205756947586695	3.998581669316336
0	-0.18213239836970319	6.013368510611998
2	-6.200279347355973	-5.581245464714055
1	-8.045909665973728	-3.959503143686106
1	-8.067022103848426	-6.242990096423549
0	-1.8427909286160444	3.3852125078171853
1	-8.191521214264888	-6.867997665817587
1	-14.593924537810754	-3.780293077433806
0	-0.4670207643112525	3.844832390578331
2	-7.842561898297491	-6.572553144932101
2	-6.8243619992218525	-8.4262349950772
0	-1.1861074850861117	1.373188045107157
1	-11.606210668941856	-6.213961933425429
0	0.07333272717870631	4.925576488270172
2	-5.393953070836528	-9.470005418417319
2	-7.987541199238902	-10.567234156205116
2	-8.834619516389289	-6.668292501280778
0	-3.5148399707606157	5.720248260317111
2	-8.66508351393724	-7.359926823565299
1	-9.864036208563727	-3.7953124594754777
2	-7.730240005038747	-7.946366570903901
2	-6.980366591939105	-10.393139571116535
0	-1.8894141485991571	0.7577270998724916
2	-7.588012499696076	-8.311656178968436
0	-1.9931809487433825	6.611730384581772
2	-8.069343091535407	-5.2956747228862815
1	-6.745806898577867	-2.8314035533564565
2	-9.771852511808799	-8.119326411313349
0	-1.2324377396749326	4.800191037038064
1	-8.687201169652594	-2.553468602484209
0	-2.3437362386715477	2.9366544913504606
0	0.04109425755463647	2.7566529678721152
1	-6.975739192653773	-3.0730214293283953
2	-8.370556503768256	-9.71102937739908
2	-6.471252494640981	-5.148320468413468
0	-1.3880017894117134	6.067253045266755
2	-7.053991457678965	-5.5912488332458405
2	-5.02431699092544	-7.573665744039186
2	-5.071513703858232	-9.855815407067611
1	-10.448635195354214	-5.391897472834277
2	-9.531810397999026	-9.348221729124905
2	-8.323556031045566	-6.233443209599079
1	-9.188831769562409	-5.760064702225552
1	-11.751154520851951	-6.80254319679538
1	-10.877702198313083	-2.6617791837540956
0	-0.6709852117982043	1.9653323579187756
1	-10.233115104127338	-2.308076325578992
1	-9.212653087783895	-4.668745643829734
0	0.5850480610918014	6.912583701409548
1	-8.226004411015113	-1.4916442688019282
2	-6.9723634789342475	-9.219451034749403
1	-7.252853146582366	-6.091082805756774
0	-2.9017812897309305	4.240397247781514
0	-0.8001158170133852	5.093410483307774
0	-3.7346289346777652	5.482632801898747
0	-0.9842332928917513	5.347645492972827
1	-8.484077109644875	-3.7853895161184123
1	-10.391414056755513	-4.887154727776743
1	-8.08877750671136	-5.451198169547012
2	-5.372314370303048	-9.988253962013143
0	-2.975482184325802	3.104809034533773
2	-5.656123175822249	-11.228217947384573
1	-10.671731274981692	-2.325471566808289
1	-9.827690120893164	-4.440461943424657
0	-3.1559911687055986	2.6969397367939862
1	-7.70384070855095	-2.923624587165736
1	-10.553427785203615	-5.526928596728653
1	-10.962022896032549	-2.7007609993214823
0	0.6784724758350524	7.961085152440518
1	-12.299762593971279	-5.2302418458789965
1	-12.06303706516191	-4.578187137174057
2	-7.169978357651836	-9.162341900080289
1	-11.085697208826176	-0.9767316740355225
0	-3.565251070526739	4.830983169559664
1	-8.638320383525196	-1.7534114369541332
1	-8.795751090966952	-3.359602720658983
0	-2.222487331083691	3.448394257661828
2	-6.784010087963588	-10.14827245948226
2	-7.66564322999352	-8.58504529555047
1	-13.871064700131594	-3.168263120208968
1	-13.253779092268706	-4.876586006501837
1	-11.606500456639539	-3.518286500829948
2	-8.516557962267102	-6.351414989847995
1	-9.078724773594853	-5.697280698942239
2	-5.485132946890388	-8.167005683000996
2	-8.159829991743843	-10.540052677941745
1	-12.098604173656078	-1.6289352675463107
2	-7.180542618958848	-7.841490203654554
2	-7.478285579111301	-7.652162751024836
0	-1.634768554990096	4.672271449257102
2	-8.673879841037973	-7.233043640590304
0	-1.0206796411942956	4.480110464555607
0	-2.0418393268143533	4.195123740257924
0	0.7036419569100518	6.216401715896514
2	-8.322557619606492	-10.111977534771821
1	-7.59122658897859	-4.353084388722341
0	-3.110078462460834	6.233064252656191
0	-1.4975136799800015	4.45061629729931
1	-9.26343757644042	-3.5951547610787786
1	-11.703669120564271	-5.157957546593421
1	-8.924407326068025	-1.5069891662426427
2	-5.870855460446987	-6.4976060694317095
1	-9.578610476820602	-3.7811728302622547
2	-8.325380272509816	-6.2466557535320195
1	-12.345105655612038	-2.525075357252585
2	-9.768965259294536	-9.311063822019827
2	-5.389013305606149	-8.469861068268111
0	-3.7993930367293176	7.058429791309701
1	-8.290453349731486	-3.5101890503752458
0	-1.9289783479255564	5.15907753286091
0	-1.0688783090745415	4.0642788327924775
2	-4.822728409864784	-8.299156872576456
0	-0.372542727811898	2.368294607190267
0	-1.926008199923846	2.140805306211808
0	0.08260006656307084	4.365195789441194
0	-1.1827730872951356	3.7664889427854824
2	-6.6036483796823555	-8.288165753405938
1	-10.898469011589524	-4.92630219876557
1	-11.711006955020448	-2.925223875834833
1	-12.335603792878757	-5.22762671198542
0	-3.3272870421118013	2.6266623174256485
2	-6.183867614988877	-6.949438083480891
0	-3.4891765014170684	8.080542842435257
1	-11.265505647249464	-1.9881097002760133
0	0.6452445860831286	4.405927355705628
2	-4.343920291582021	-9.439050198352453
2	-9.115066735464486	-9.445801980004337
1	-8.44334834001205	-5.686922478537032
1	-9.024252094623026	-4.832114168423627
2	-6.390485645786803	-6.468923485930981
1	-9.051749994864862	-2.2160682682524273
1	-13.255896569350622	-3.6677676914512505
1	-9.946613709822323	-3.9408098032269803
0	-2.611166971399789	3.6188347779347527
1	-7.386699907599824	-3.133494893372638
0	1.685851315753999	3.5833486251145836
0	-3.7733738206568064	6.102577900636858
0	-2.1493091530657957	2.3924761847770077
2	-6.999901513446664	-9.42223943683176
1	-7.445860055638487	-3.7319448933829937
1	-11.634498338784397	-5.057914249779184
1	-10.02668651368447	-3.5492523681559125
1	-9.026649829875993	-1.8731101564516384
0	-1.673362222313619	5.406405896952327
1	-8.84704285898587	-6.493371609471361
1	-13.27135060291685	-3.8035563753278843
0	-0.9869889297759884	6.094475116839542
0	0.037884175228620975	6.686215093476459
1	-9.71837688537578	-3.959093461962921
0	-2.3962476126347467	4.608049542902793
1	-8.562678269205009	-4.075703576840755
2	-7.667273851621825	-9.652421532462498
0	-1.9394283962157188	4.3212531475143905
2	-5.781501954891954	-5.2195977068381865
0	-4.341429242748093	4.949260842602514
0	-3.757779133948234	4.529141597051586
1	-8.410519402178492	-3.9849376264889576
1	-11.041754010597334	-1.0476511764267387
1	-9.159313400081528	-4.021898432196271
2	-6.045368592789872	-8.005616940353754
1	-13.059443772658907	-3.2802980122034615
0	-0.7497373053285773	3.3005554272032636
1	-12.66197266686602	-2.5867248958621802
2	-6.233859422844118	-8.962026442165389
0	-1.007062419554258	5.772125273347788
2	-6.351241614353238	-7.592313045424131
1	-8.357752554127106	-5.072684960483138
0	0.47586173807496124	5.762488629848452
2	-5.4656683438134355	-9.187056557096046
0	-1.3841095445613387	4.27684955808045
0	-1.3968083121214165	4.326264329740427
0	-2.277018650731243	6.324281993105744
2	-5.537547445549929	-7.833864924441233
0	-0.760740052759632	2.2011342353111916
1	-7.243908185343209	-3.67241550615372
1	-9.04744919748521	-6.491802370638782
1	-10.670197163736974	-2.9143151799114335
1	-10.93762367054868	-2.795169031202156
2	-6.130410494459061	-6.725568284038749
2	-6.654273792797733	-8.267138196458028
2	-4.07760930870889	-6.20378433031312
0	-2.0838552334007865	4.006999542365081
0	-1.4793214772260759	5.332294533404291
0	-2.6299349383308814	5.758720206316228
0	-2.3036388657680393	3.6946050682240497
1	-11.180127195336542	-5.780308616905104
0	-1.626765651008691	3.7034791444263244
1	-9.516569532669704	-1.075419257761543
0	-0.9180474294749514	2.165199220931135
2	-9.58743094731102	-9.157981131090223
1	-10.677369930720001	-5.064793561272743
1	-9.718600727983072	-4.2355237975096545
0	-0.9919148404316616	4.553658238176149
1	-11.475105262045004	-3.582167743943127
2	-11.37295755908864	-9.537456885376125
1	-10.154063391769354	-1.1561255329937197
0	-0.1835415505381588	3.566967735965326
0	-1.2667466875380091	3.5259463611109556
1	-8.872150286414357	-4.077241405805718
2	-7.209163723516256	-8.065114458707423
0	-1.7147863907240606	4.57504260203149
2	-3.6860525925164445	-9.668843027674498
2	-7.016994944618384	-10.543717086757178
0	-0.09950222414679954	5.266388041630721
1	-10.913407368816728	-5.537606751971918
2	-3.8489033136328636	-8.890314613964417
0	-1.6334457934985127	2.723461775722829
1	-10.41093412810019	-2.24476860411258
2	-6.2129862887981595	-7.5174210764845375
0	-2.8728307006567126	5.242649048130212
2	-3.6653822025064846	-7.08942030354491
2	-6.027428161595065	-8.291734014274288
2	-7.515862339801827	-8.67366715560031
0	-1.947313234490942	3.075046422715907
1	-11.119001906522502	-4.8333692069093885
0	-0.8975834010254506	3.9204413753131515
0	-0.41471833980185213	5.6481770112815095
2	-7.615288720913014	-8.99138721198851
1	-11.133889053757839	-4.497317425514342
2	-8.04039867906326	-8.041450740828878
2	-8.302238962905296	-7.935146141448521
0	-1.9118581655655935	4.145219352381176
0	2.1329286542610775	4.033537702269971
2	-8.14630336195425	-7.512543896546948
0	-1.0543224432623195	5.296857653698762
2	-4.752737925477005	-8.519204872114985
0	-2.1431857119687807	3.830408336840538
2	-7.946729337409832	-7.844694543547327
2	-10.688713796586994	-8.289879587615982
0	-0.6680294745504802	7.094727182306512
2	-8.091991742168155	-8.089752935762478
0	-1.0627392686257429	2.912473535210562
0	-1.8438952442264918	3.002835717454558
2	-6.218624330518436	-9.305091708446069
0	-2.7183206670519455	6.195518970475202
1	-9.125855096071739	-5.739325397704519
2	-7.909238274094448	-9.472847411026432
2	-6.975298920503324	-8.231564086859514
1	-11.167619689641464	-5.088604408147491
1	-9.129081680028047	-2.686570887997881
1	-9.670594756973848	-4.4300718968353765
2	-8.060668273309401	-10.037266832272875
2	-8.017596963731584	-8.362194767301283
1	-10.72412878451249	1.657024808193679
2	-4.339715304456908	-5.316297092230637
2	-6.468083158755997	-8.608546012582286
0	-0.5822353321057394	3.2872293028571407
1	-7.620719444271949	-2.25012259416917
1	-10.415734525142303	-4.886366778872096
1	-8.03746662500193	-3.4782760600551934
2	-6.79397442873305	-10.155433044633343
0	3.322058228307027	3.5061518732771892
2	-9.73606406235472	-5.707999902054879
0	-3.682604576144383	6.3602931735724315
0	-4.774762938833851	5.827741619861675
2	-9.769538781954056	-9.114749661626018
1	-11.286769479029916	-2.4083448145131383
1	-10.306229089290309	-3.9297246788833715
2	-9.639924040397787	-9.138853144757594
0	0.025558337084383265	4.864390429209178
1	-9.793555807824891	-2.343951900368014
1	-11.441706350223093	-5.831284695974195
2	-9.16679305589964	-8.889194131507079
1	-10.929523511839713	-4.427707538811535
2	-8.257146753668447	-8.34208268105062
2	-9.377551741844503	-9.69101962027018
1	-10.230287235605596	-0.7844153684037001
0	-2.0408297073595723	6.50625578256464
2	-8.224712945942038	-7.027444386598174
1	-9.318642070298557	-1.6230007150200443
1	-11.187008105702562	-2.5074431617998263
0	-2.228836179249339	2.884284332555155
2	-6.673849462292418	-7.402748825394039
0	-1.1008746286813558	4.183755164254071
1	-10.031251561687375	-6.054053513049805
1	-12.073230406004978	-5.2537813750114255
1	-11.981376960666475	-3.0490540439321885
0	-2.6903189561279186	3.138681406595082
1	-8.276302491742944	-4.725450930465686
0	-2.3587921911874115	6.483976884316119
1	-7.757878302672021	-5.346314960432233
2	-9.474986002951399	-7.467270953972801
2	-6.352116094503996	-7.772565893357541
1	-11.666183938962714	-2.8566304930253597
0	0.13881691390374096	4.684224495069078
0	-1.434535487856814	5.10179135144066
2	-7.191365982701721	-9.619329169658243
1	-7.543539820413173	-3.312760741601936
1	-9.680862011913042	-0.8818662916478672
1	-12.186185442133567	-2.5245268197159625
2	-7.512240157751929	-7.562117927013597
2	-6.143051641729112	-12.033593053697398
2	-7.34934767204082	-6.860722519460188
0	-2.111024136881527	5.617673744351067
1	-7.987304638159143	-6.408059563781096
1	-8.317169804290401	-2.6626668756953134
1	-7.588722221304884	-4.310278671909997
0	-1.4493950839913903	2.2777667031264315
2	-9.213189820744274	-8.30339135967111
0	-3.1952588804378177	5.2581369783266405
1	-7.752219632161191	-3.699942045578797
0	-1.7486117597712683	6.579973975080515
0	0.4199114904209589	5.228684245875451
2	-8.022783194126522	-5.827505141093001
0	-0.49032210687020217	2.777038508026824
1	-10.635187296300789	-1.7758301848863032
1	-10.84787597835708	-4.973264248527885
1	-9.74989662385922	-2.4889041002413035
1	-8.866167898916943	-4.8214794473575395
1	-8.869307715116978	-2.9693257752354025
2	-4.566227042244136	-5.146663198951661
0	-1.3144178029019444	5.549506639311199
2	-5.448602210356848	-8.195296233007527
2	-7.812524035285958	-8.610343513341236
1	-11.151787940296842	-4.3348146209453935
2	-7.418260661577841	-9.490114562991835
0	-0.14436913994643286	5.786516768714806
1	-10.557242792125686	-5.951806487637847
2	-8.799011083465988	-8.205054832055925
1	-9.434859326999238	-3.9862686931101132
0	-3.37333720298173	3.8824757852238454
0	-2.8112655249853598	3.8596827942832053
2	-5.818389274731346	-7.416537173540602
0	-0.7268546494901609	3.5067830722368907
0	-1.5840842767278165	5.38197469022168
1	-9.485124671667899	-6.3254005551495585
0	-3.8208739423862794	6.254869475085815
0	-1.2233779862454612	3.7494081076117265
1	-9.111971704352642	-2.3372836959236323
1	-7.937713820963935	-4.744477732813706
2	-8.217119898218934	-9.743638832862004
1	-11.65216682703966	-2.8141081578705633
2	-8.958402509203408	-9.594608656430097
1	-9.905411545858662	-1.5628202080806757
0	-2.3296087111641994	4.713055961224906
1	-6.421104795951286	-4.065094670422985
2	-8.555853865039253	-10.147789837294166
1	-11.550269759059233	-6.111466456998919
1	-11.731399980302035	-2.2848255684832424
1	-10.51414622757355	-4.0445747591664745
0	-2.0733289997902347	6.249923247319208
2	-6.073210488448725	-10.54904947101068
0	-1.677161227513356	3.340738856842729
2	-6.259546938993991	-7.694316928375213
0	-3.3019276745600825	4.660563518431164
1	-12.328386418648828	-4.977620314040814
2	-7.344260849074552	-10.783338474189673
0	-2.1983960495146277	5.164562722972538
1	-10.461765671251069	-5.803858276085405
2	-5.588141157900132	-6.944344883469397
0	-1.9930521198640585	4.105352765448165
2	-9.585063704304515	-5.754651961006248
0	0.6840693882909252	3.1002875399310703
1	-8.001953330860816	-3.968483199897997
0	-0.7412111212564401	5.52381667350414
0	1.0562424652396647	2.4478994850065554
2	-4.381104045475864	-8.435250972754059
0	-1.874353523459376	5.955965537267788
2	-7.3684488463642115	-8.742062843824453
1	-7.351338135095247	-3.9420079548072327
1	-10.375490799528226	-5.9430830190283865
0	-0.4624642130001049	4.253591809947761
0	-0.4895192029405755	3.4623274627624916
0	-0.7796321280472529	6.169257900179194
0	-2.845759836611271	6.242073186783325
1	-10.001833597245062	-1.9506365557852576
0	-3.851665313031679	3.6319680058741284
0	0.280764525046443	3.7479933733437454
1	-12.039182164509935	-4.473863471030583
1	-13.265050149641379	-4.4332324280552315
0	-2.2368082791977053	6.593652226757442
2	-7.704343539127782	-5.882494494007457
2	-8.289724381423063	-11.445567075178458
0	-1.4925540063740645	4.377206031362752
1	-11.310571584370475	-3.4721203896493975
0	-1.3984782067059267	4.673408205785577
2	-9.256561416329468	-8.736688477289075
2	-9.545387017758424	-9.698897075809324
0	-3.453352171435242	8.16546029682117
2	-6.993062023331444	-7.384526372900395
2	-7.998867051341208	-8.379217525831614
2	-5.585588291247795	-6.004093464690831
1	-9.370169628702703	-2.859183936691725
1	-9.655972131362182	-2.5675703553549574
2	-6.855398831306003	-9.45274598228129
0	-1.0679178609303506	5.4947737062235
2	-7.2867126370559365	-7.025346782543211
0	-1.6071445219029095	6.587366241256388
0	-2.3491364275056217	6.964715145476325
1	-6.938204105093164	-1.5581907003307265
0	-0.8653619194194557	4.61304168383924
1	-10.17877820381712	-3.948986116626072
1	-9.452345674667436	-5.252652568414618
2	-5.935739985697465	-8.47670500393768
2	-7.653135646629062	-6.080978981246851
2	-8.781415793655054	-7.426246028113031
2	-4.833450731138273	-6.8936308914548
1	-8.10901220925346	-5.081314698679616
0	2.18861926512665	3.710317510370853
1	-8.860323355429301	-3.347762431746781
2	-7.256511717014024	-9.250415343603354
0	-0.9047826857955305	6.3463286926415545
2	-6.574662590691448	-8.66101669233642
1	-9.029983523960235	-2.0301358022292244
1	-10.11732286896279	-6.2344678723125595
0	-1.4470990994498119	0.6320340773945379
0	-4.507777994927462	2.7308238301844927
0	0.4315616578021255	3.5233204580903807
2	-2.362311173525878	-7.492758440948206
2	-8.35255550532199	-9.710483569074004
2	-7.795595553753525	-8.04878530025573
1	-9.561205690097514	-2.34099892454555
0	0.5317786647460974	5.295199070979191
1	-11.496376772974996	-2.384325866088666
0	-1.7283599350531706	4.078389680391598
0	-1.4768279994613642	6.100715730711041
1	-9.267346973442427	-5.099857986767601
2	-6.142628525059424	-8.158016960867215
1	-13.923647645235004	-6.6754391787140985
1	-12.286765285627006	-5.096475755230903
2	-6.617713760103343	-8.352182960181253
0	-2.4352015928288613	2.910949627367767
2	-6.453608173744435	-8.259744400500157
2	-2.207367388529174	-9.734790658490125
2	-8.004834640873788	-6.661931488366207
1	-11.366927648779242	-2.250636468683396
1	-12.082037861358875	-2.7019237394855686
1	-11.602737859846767	-3.032421201243472
2	-9.72936719330853	-9.356148729426536
1	-9.547635615229094	-4.798557913223435
1	-7.539270098922161	-5.941585445905684
2	-6.194615716588843	-9.448517999401115
1	-10.667652479330753	-4.2577113042387325
1	-9.273815576366864	-5.611497077204798
1	-11.738377294457257	-1.6687034764712276
0	-0.8662402875707584	1.0508601021744557
2	-8.384950391662306	-9.133721766017333
0	-1.466994420714603	7.047112644206145
1	-9.415830831302625	-1.7491169856536106
2	-8.253281643275274	-9.78463228265495
2	-9.383583454383087	-8.248824686695816
0	-2.9985299162178456	4.1646923895313055
0	-1.1941514742728687	1.2651181445089432
1	-9.093243977307544	-5.97711135780887
0	-0.398267568736864	4.252159042482855
1	-9.347671975496368	-4.298282581332036
2	-7.174912319924145	-9.187049232393251
0	-0.9843266367977511	7.054492519621769
1	-9.465721774059222	-5.1474464216061975
0	-0.6394551461313627	3.926787470495155
0	-0.9362962832983297	1.587559381667909
1	-11.338917955898191	-2.550561234674002
2	-7.404895222275864	-9.248547338627365
0	-0.6428485492688023	2.7466302677553336
2	-7.938622532157501	-8.055966233159353
1	-10.689981959440054	-4.613891444283133
2	-9.237604731920449	-7.4681005051516065
1	-12.415494465014786	-2.869498876636664
1	-10.13322905507011	-4.686504833360763
1	-8.688844019055514	-3.488194653165654
0	-1.0191734127099932	3.8686066723452046
1	-8.65383028189667	-5.613516852185385
1	-8.71139117326751	-3.7465212454984633
2	-7.125673288353501	-8.967034154982805
0	0.9576577403762006	3.2646795175005074
1	-6.834589858655162	-1.5330062207247748
2	-7.7472739475909975	-5.173419308033324
0	-4.115734295461032	10.344393924900107
1	-12.303255804062445	-3.1974892185786508
0	-2.263261342802944	2.19114139706494
2	-6.506716366516165	-5.764225604829518
2	-4.999325998674172	-10.049544565608528
0	-2.251594427441856	2.648769800011478
0	-5.70710251844759	2.5864826801001044
1	-10.370171253433487	-1.8495962579347438
0	-1.0779579118340945	3.8742917258271503
1	-8.597268061339772	-6.59901062099014
1	-11.395234846892556	-5.554902061704737
0	1.2201285236936124	2.318949054762111
2	-5.688261515846731	-9.118679354977083
0	-0.14761018954765204	4.994992235529622
2	-9.31012230024345	-6.951437925190177
0	-5.655748814841728	3.766846942392878
1	-8.19462347714322	-5.8611589149851415
2	-9.047152251184986	-7.253375041961387
2	-6.954757694819018	-7.529188859410436
2	-5.803590595108892	-7.478189316053147
2	-5.3904334696007625	-7.1403674999405595
2	-7.307138355481191	-10.92897680379557
0	-4.931101856571444	5.309887560150968
0	-2.478221157922371	4.108233074509816
0	-1.8642270217925692	4.227908587180947
1	-9.817337283894087	-2.72331868907306
2	-6.167963722645587	-9.030230686403991
0	-2.503018052477154	7.338806981356713
2	-4.366064467243996	-8.50634454167912
0	0.9600927278934392	3.2438844382330094
1	-8.998346804723957	-5.135843950146937
1	-9.95388881675334	-5.461882528261081
2	-8.626672524911221	-9.650862086887548
1	-7.524821388076475	-3.3041632479113967
0	-1.238562290264561	4.2968208132222445
0	-0.9678137559829934	2.6425158616811886
0	-1.0055806115039048	3.3752587792529
1	-10.452739175818703	-6.104669122846866
2	-7.097901389961829	-7.645778382391658
0	-0.9237183402340612	2.313565331245171
0	-2.0930559204632435	3.818765509131089
1	-12.105598993668101	-2.840263677789164
1	-6.902934345476591	-2.0413458315971416
1	-12.741541954277945	-3.60169346441139
1	-7.617088720744755	-2.9537769631744886
0	1.2261632330078678	3.497517888035265
0	-2.5895611718707134	5.45353791995149
2	-6.090265147719565	-8.675461828063215
2	-7.700404839319692	-5.270620852748785
1	-7.279446866260576	-4.729583281056167
0	-3.12621940824797	4.664425567094548
1	-11.317307206071439	-0.7234983434687763
2	-6.3393850836103365	-10.13737173427272
2	-8.185108044641659	-8.10292130365171
1	-9.725100958908806	-3.7247872363848478
0	-1.043250498949913	4.693535741551542
1	-7.961362786708655	-4.088602522997354
2	-6.1751968340937236	-9.707510954211896
1	-9.340350414126803	-4.584993874961925
1	-9.423172199017293	-2.5413601705388964
0	-3.4312146651062543	3.7165947121912897
2	-6.313357759580537	-7.814577299935218
0	-0.09206829143767337	5.3192619165704365
0	-1.5089723223491982	4.888478619037043
1	-9.201330684473232	-1.8123544669579488
1	-12.30401476547632	-2.7881196208670156
1	-9.714882530732858	-3.8831015103670428
1	-6.757028913364186	-0.954860526517542
0	-1.194834768037287	5.983471020616289
2	-8.26566794408269	-11.53059876343189
0	-0.7560809855050761	5.036913174313751
2	-5.421350905905879	-8.474272404356716
2	-6.078988715202167	-8.304319517588997
2	-8.503879700056716	-7.757278257679442
0	-3.310488671767901	6.123575433602583
1	-9.192565235797149	-2.0385238840920588
1	-10.211597941397569	-3.5544533308108273
1	-7.465136829160593	-3.5973620014184142
1	-10.843145590929668	-4.259925768911664
1	-12.703627941626955	-3.548800277148549
0	-0.35623067043971757	5.532107328640674
0	-0.4380452122251315	5.577194763480723
2	-7.4062226250714795	-6.984839361870389
0	0.1371863566333571	6.963381125901772
2	-7.8568250678122915	-11.260124628655085
1	-7.8967856749460665	-6.203613872605393
1	-11.323870822355794	-5.906190793099114
1	-9.523308581567512	-4.881010380983977
2	-7.116198383796653	-8.575477085450071
1	-8.21222765349208	-3.2964713490920157
0	-1.4461828471590428	5.176748088825983
1	-10.042616318905976	-5.016753617824069
1	-11.260066510617834	-8.683384722649777
1	-7.759866462310216	-3.908331258105691
2	-5.8129133258886085	-11.406995760081143
2	-7.169646155390203	-7.718184217171386
1	-11.209296053695697	-2.1032111834143103
0	-0.006204807070506302	2.562128488523518
2	-5.380420049350807	-7.667058511059948
2	-6.373638707043121	-7.707688205869768
2	-6.978483992336728	-8.1454071916066
2	-6.217120120012581	-6.656262247988239
2	-6.06203708963952	-8.584591544380519
1	-11.479143572709194	-2.9642203372596834
0	-3.0075846959264885	4.885975281760052
0	-1.6639180813618317	4.315544415424298
1	-8.809051350807529	-5.8540094981165085
0	-1.9394145638095428	4.253871060049444
0	-2.8263481458896385	6.080251530729415
0	-1.9580571816541061	7.206196931571349
1	-5.731804649044154	-0.3158823355630451
0	-0.5264718621622366	5.4579630511280275
1	-8.997827625110219	-6.256976860551042
1	-10.046219372013217	-3.3071820982204945
0	-1.0698960386675442	1.6706100899053706
0	-1.02431837485235	4.522499971366001
0	-1.9589009829428443	3.4245851160556944
0	-0.40108478513676227	5.803142990798498
2	-7.925972725121733	-7.6906322115180155
1	-9.23966734138427	-3.181051290579439
0	-3.0441768415750134	4.211197056540648
2	-7.743669397315176	-8.76966337586961
1	-10.393920917985655	-5.094341795615044
1	-10.871001160842601	-3.463129078684622
2	-7.909125750311115	-10.030477209934139
0	-2.423018322682812	4.156760936514223
1	-11.26889131042767	-2.775991576282145
1	-10.05543619708027	-4.6774388409115275
2	-5.58835459892471	-6.55484217378169
2	-6.674066973188707	-10.231536776760995
0	-4.587717836816369	2.302996150663456
1	-9.990560755988632	-3.121969737500063
0	-1.584676173846735	4.7357061095063155
2	-6.215922375508849	-9.185467065462982
2	-7.497513107811539	-8.647268053109253
0	0.6786484049812693	4.570593913481304
1	-13.042630107431034	-3.041428668229502
1	-8.602415195342521	-3.3446800674203803
0	-0.9210550720435463	3.385472657329833
0	-1.159888080241271	1.3576801856107803
0	-4.8732599995645725	3.1612365728090994
1	-7.225362451701249	-2.5701829951523627
0	-1.2460637932234118	1.7616151673563145
2	-6.1978447680549795	-8.580180833757641
2	-6.593102329010326	-5.736905888550023
0	-0.8901651753215063	3.959350616189088
2	-7.36816364438009	-7.109104550401506
0	1.6925227004903087	4.476759176130614
2	-8.863975883419712	-9.351001080028084
0	-2.9048177489211904	3.0856234690769053
2	-7.988945873143114	-8.39190515414774
2	-7.445311164906148	-8.839722106147184
2	-7.518289936926762	-8.237739746205591
1	-9.519775460673097	-4.363414254956633
2	-7.6631092276812955	-9.203142442477242
1	-13.533009865309346	-5.3030297869995096
0	-3.4953793818113867	5.243886196694618
2	-6.211836040360715	-6.432982010790723
0	-3.218333389000874	5.506024716421779
1	-10.665205007726977	-5.777755081236413
0	-2.7101576633304014	4.101398195396324
0	-2.3759311879336007	4.445489860121649
1	-9.288522998125991	-2.372037993909554
0	-1.6338128163873866	3.762776451490521
2	-8.357484342055532	-7.443524601111388
1	-9.613593347475154	-4.2634905484507595
1	-10.881857010529762	-3.292996790792869
0	0.7658644923374309	5.160601191843018
0	-0.7463844175863563	1.584373568094072
0	-0.6195105674579429	3.2693888760088132
1	-12.518724212810069	-6.670979119441912
1	-10.111788952885647	-4.443647665436522
1	-8.84070956528279	-2.477890584039626
0	-3.060431889388272	3.606959379717763
2	-7.940246401982864	-10.469958801353076
0	-1.5034798213848855	5.198495001950916
2	-8.382450792993001	-8.391015755955658
0	-2.666429102203748	4.38749297046481
1	-8.79885119694982	-1.9560497619948123
1	-12.987417322251513	-4.039871184219711
1	-10.500293590107953	-3.3823402809060297
1	-10.198253312012119	-2.776164760772727
1	-7.52488586865969	-1.7651887312137968
1	-8.949740537276485	-7.428274512990538
1	-10.685165560660234	-6.282407359520831
0	-1.1912018724290196	4.116507408132156
2	-7.379588749138511	-7.379052777924075
2	-7.491360996261816	-7.365112749562887
2	-7.069520540594074	-9.800037168471025
1	-10.567245936828472	-4.509895824205415
2	-5.273122564620296	-7.108265817525377
1	-9.019443049930558	-4.300575792919449
0	-5.075506900939068	4.302053059660468
2	-10.181672252159716	-4.631804236688954
1	-11.425838611126332	-5.6579981993397475
2	-5.840993921685589	-5.119364443313302
2	-7.530024349940932	-5.891060747163666
0	-0.06906864221330844	1.8397383794064224
0	-0.30717382505932633	5.160231377195964
0	-1.1537284984858318	5.9185880184568065
0	-0.6577405639020169	4.3610446996849435
0	-3.269006324015987	5.149227785643636
0	-3.2154936599809965	3.01967805147909
2	-6.738081459946027	-9.324003657184736
1	-7.603407284689579	-4.4708097279696055
1	-10.857753597538792	-4.129220063057543
2	-8.181591391242119	-5.777907167114133
1	-7.422079404068617	-5.159764036448026
1	-12.427181044384085	-0.9456377590433176
1	-6.772181792263759	-2.5405492845000164
0	-4.13564180468467	3.070656492598589
1	-10.576694643946219	-6.569907109194043
1	-8.514845377040203	-4.3175881795744795
2	-8.268859762401338	-6.228829422368129
2	-9.413544451028503	-8.465047861327907
0	-2.2608771936319094	5.642498296518773
0	-0.5445250906777261	2.1421308425070964
0	-2.3782955541276394	4.93174060708558
2	-4.243786051721571	-4.701302461805769
1	-10.321945227752398	-2.7028303280694166
0	-2.0621168621293844	4.208976429412634
1	-13.003625155390747	-4.14802111274591
2	-9.534834356025652	-6.747662949285165
2	-6.495099258540978	-10.084550520704523
2	-8.561035511859444	-6.298126187026246
0	-1.2274426554407938	6.653652144208713
2	-8.421315141773023	-5.710870042597344
2	-8.247104811798616	-8.751445919235426
0	-0.011527154377839688	6.136308800905245
1	-8.437483394770736	-4.090994837400297
0	-1.9309403590657452	3.5006089271532757
2	-9.159872474351289	-7.33613935893011
2	-7.598630639310926	-3.8116488171836806
0	-2.451817534343703	2.7970369356089058
2	-6.334172148485187	-6.820192894946249
2	-6.652423329496983	-7.0605311947688065
1	-8.232107173322735	-1.4932624958895966
2	-8.770252916761944	-5.020505397800412
1	-10.06552220821858	-3.4390790814702807
0	-1.4187124183347521	4.226264905400038
1	-7.714913853651856	-3.6496775119922362
2	-8.782637349569246	-6.816546318607167
1	-11.244880124178882	-5.931985392375909
1	-8.605982724243729	-1.0069293614796413
0	-2.2282393221497774	7.103368918425329
2	-6.647762503175033	-8.20196391826874
2	-7.015744727785582	-9.434049715778182
1	-9.366579703873487	-1.5281572060780566
1	-13.245103857762405	-1.0856042793013798
2	-6.969864334880541	-9.334547921967884
1	-11.116178578158452	-3.8812724873635087
2	-5.609336626953905	-8.735103635413095
1	-8.018123635695213	-2.58242232504453
2	-7.618537142577733	-8.0387171481442
2	-2.951649366134336	-8.918555048546844
2	-6.311853724483671	-9.544684139488838
2	-7.726834649181688	-8.262949942569549
2	-7.139446318391206	-8.033543841393982
0	-1.6395308914277547	3.364449475912322
0	-1.5684346122492594	4.7231770013547365
0	2.886725762609526	5.643366806393347
2	-5.399120364094475	-7.026196601838667
1	-8.627824224762058	-2.5395788328422957
1	-10.724165678652872	-2.5882365889597523
2	-10.13020587238045	-5.238797264286372
2	-2.970688980490097	-8.324463706628425
2	-7.03263265752013	-12.218818715325295
0	-0.16600399383276265	3.4637960397109753
2	-5.814855450695875	-8.01984491478867
0	-0.34526011197298256	4.591373064202351
0	-3.6574874057243916	1.7654570282449864
1	-12.105553819767506	-3.3985578367826648
2	-8.048104634617294	-6.8280648365436045
1	-9.131293999995533	-3.533004813789704
0	-3.305291446331563	5.664441989685727
0	-0.4703496070694979	3.471193774323474
2	-8.16906786768963	-8.689839344890746
1	-12.135003856134652	-5.3085126369024485
2	-7.859478069140817	-7.203851879017406
1	-8.788842542645217	-4.282676798004453
1	-6.684720058681438	-4.439846270788456
0	-1.345914891085238	6.739013860342794
1	-10.497203597073069	-5.806223541258731
2	-8.128123429135758	-8.17168964863726
2	-8.37925844681388	-7.35812357703866
2	-9.515112621643627	-7.878188459920585
0	-3.155089599243043	4.246298888674324
2	-8.383777521312743	-9.111499709564722
0	0.2510739892896454	7.357142492725264
0	-2.195341194353044	3.6244252907311045
2	-8.060049644691745	-9.096427244329137
0	0.06933879656738595	4.070136210657914
1	-6.673947499881224	-2.7136337117605525
2	-4.794121060863521	-10.186135301070497
0	-0.7011659268188066	3.7080002701924117
2	-8.62632645464342	-11.201479090233555
2	-6.718921429663591	-9.435099471925065
1	-9.757859888733993	-4.287267161534963
0	-3.087653057007908	3.6292715402450293
0	-1.379717819466093	5.021567339655546
1	-12.246456796320642	-3.304070206295765
1	-12.325198962440828	-1.8185827678745539
0	-1.165324955806304	3.9676214658032993
2	-7.1531613010111235	-9.313952107062292
2	-5.518750687063766	-8.675133107265253
2	-10.141196371951382	-7.835365239602117
1	-9.64555558207674	-1.7381281344239286
0	0.5252311737606461	4.881445722399098
0	-1.8192500882818294	0.2199952588023919
1	-10.63531896728648	-1.4657495376513152
2	-6.716531961790106	-7.8212052301888635
2	-7.933667335589853	-9.863960106042024
1	-9.713914375915454	-2.1174445339878587
1	-11.308964084960264	-4.749746493816524
0	-1.4355049687761885	5.279620950068175
2	-5.234548466242714	-8.430127853511053
2	-6.587856892233547	-6.278059765295973
0	-4.623155118759275	3.523093104777545
2	-6.396702612957457	-7.886746859470175
2	-7.7451368620282555	-9.384586161779218
1	-12.17084091416046	-4.015413860179744
0	-0.926782686142274	4.293132299311578
1	-9.547974700990165	-6.738310680699304
2	-8.776844666442729	-8.626632918726637
0	-2.9568048181469004	5.319613492355715
0	-2.051362785133287	5.701384967249284
1	-10.79696044533393	-4.410929538285273
2	-5.9562090312053275	-8.31521705621983
1	-10.287380897103924	-5.757683565320196
1	-10.26311733949116	-7.34727153688161
2	-8.118692995744595	-9.155135879328217
2	-6.053089854648636	-9.039196172776803
2	-9.021343453898591	-9.050764291619087
0	-2.747955584650161	3.104836852407776
0	-4.641304203040452	5.698422641930337
0	0.77563324899111	6.141155278433631
1	-8.481851936706793	-3.6425036283459544
2	-5.991851697849192	-7.091735601997847
0	-0.38050381336059	4.459530014425297
0	-1.1337409379523584	2.438064751987014
2	-7.45950406306396	-9.803747698842585
0	-0.22781640612698828	4.5501100255083635
1	-10.932632494220377	-4.733890088068247
1	-8.112606297331103	-2.8447077929992695
1	-9.290411101522174	-1.9727216782654744
0	0.4517500944133235	4.60014223840925
0	-3.6812073178290152	6.612599653880215
2	-5.670318376627857	-10.18601374529754
2	-5.783805922765901	-7.160894440162251
2	-5.3184192129722785	-8.862147794001821
2	-6.164833825232822	-9.668436072416894
1	-9.896623123924762	-3.225582216869385
0	0.2772234483277942	4.231823646435665
2	-5.399375368730928	-6.241090533748277
1	-11.191152422836788	-5.018427370852783
1	-7.58240646916801	-3.0196061511813843
0	0.5175839849378834	3.479434597320793
1	-8.472218975144248	-3.7836826745521615
2	-9.845972577000989	-7.300127783297982
1	-9.885252368098051	-1.7453461255114124
0	0.03206711147682473	4.481929727383735
0	-0.9136562579795537	4.762488917852556
0	-2.2938453480346825	4.536186478629593
2	-6.573212355393397	-8.735594946772684
2	-9.215725775782238	-9.862013575737485
0	-0.4817195264964873	3.409188218392342
1	-11.6858916230284	-4.467204960831773
2	-7.645458183791409	-11.262500242275852
2	-8.931091900102373	-9.561133439831154
0	-4.446532702618647	6.260735914522392
2	-5.492536344615606	-6.064812094235829
2	-7.223925494400371	-7.101528713857727
2	-9.883682236477087	-7.290039836256776
0	-0.32600087089536567	7.143718048728142
2	-5.6035377362181755	-8.437913055587144
2	-8.395663508040812	-8.037237234097354
2	-6.533818427171174	-7.732012661625909
2	-7.230850540906154	-12.01061531247573
1	-8.861720317207507	-4.062686915181018
0	-1.516422275161633	5.788664971832429
0	-1.6052637118078665	7.451486100003853
1	-8.24970934194429	-3.6583806049128476
1	-8.259196545358668	-5.687048954594507
2	-7.271994168176871	-7.778164071500994
0	-4.7318605940596825	5.132315342855146
0	-2.5052430078219734	4.541019479827047
1	-8.160291982161173	-2.290241658864313
0	-2.3229038252182788	4.89178089924531
0	-1.8229076062055836	5.812822133144781
0	-3.4612933888286945	3.957847418701445
2	-4.85452128539421	-8.606806208021775
0	-0.7187943528612313	4.650702244303349
2	-6.257484954660092	-7.591427619007343
2	-10.178378077863508	-10.012250159934114
1	-10.149783675454175	-4.451664566478834
1	-8.566724158325579	-5.0980624489872195
2	-8.73194158211947	-4.700776350452765
2	-4.367638359987597	-7.872008238421938
0	-3.2950674046307418	6.956772088811451
1	-10.33584262719022	-4.398979679199035
0	-0.7499539894927642	7.8470662873789285
1	-8.846772063921977	-6.174330476283606
0	-1.1810012618628716	4.032434305627047
2	-5.182609053389794	-8.184883833718757
1	-7.551767815444547	-3.6941244212077162
1	-12.112669210611045	-3.907560615526523
2	-7.679029076530198	-10.129601161936154
0	-0.8879425650990362	4.380613570953586
0	-3.0297250204306794	3.470632139840168
2	-6.690375661347446	-9.147961851567809
0	-3.6308614547387528	4.043787070858852
0	-0.9826338818882632	1.8803998900408057
0	-0.8724341675032838	3.6908035591391632
0	-1.7863219470554643	3.960447044682906
2	-7.816955211639695	-10.783348307317766
0	-0.9074155211085244	3.688568758051385
0	-2.330252753127517	6.24325142605141
0	-2.2818302578808725	5.084408924824996
2	-4.6033083855735475	-10.251615584603654
0	-2.882880932755639	3.3115999504117024
0	-4.170853617376918	5.64403460550164
2	-9.13151482888058	-7.982895597651827
1	-7.88659661166627	-4.08236881700291
1	-7.691642792056605	-1.5896733785699588
1	-6.916000360675139	-4.840697922763294
1	-8.262280176756065	-3.142548805496287
2	-7.32978237036068	-8.921329478254986
0	-0.9019792775103732	4.005983599830289
0	-0.8847312068849629	4.020397374082917
1	-10.013501766784623	-4.535709907847014
1	-9.878129561027686	-5.448458204321371
0	-1.2266348324333116	4.493950942959287
2	-5.45462792396396	-9.156802321825511
1	-9.704093625070895	-4.19105717235322
0	-1.240826725496524	6.867320341676065
0	0.42240080837492844	4.745789504107897
0	-0.6865944398125188	4.567504809578546
0	-4.238651617877804	4.4921713629663
0	-0.6717545986088264	5.904842342333083
2	-8.006985702645938	-8.54127125877058
1	-9.166026195341434	-3.1542101915989527
0	0.41025994565790036	4.1712259530710085
0	-2.9515344471125826	5.41855715737512
0	-1.1776610342227722	3.318667480225112
1	-7.009405400136913	-3.742017592696447
1	-10.528875828992636	-3.7244763121809616
1	-9.223882425219227	-5.0942556827330385
0	-4.789145754133309	4.9491923296997316
0	-1.0023103850116633	6.0899823513288
0	-0.8455919640990455	1.469236240444645
2	-7.177304964072464	-4.981422904284302
1	-10.27655077008647	-3.129215806892937
1	-7.118959365462803	-3.2365067133057024
1	-10.950343632373896	-5.294904513076543
0	-0.8062037701944456	7.299690326874337
1	-8.835910718359631	-5.809095598760273
0	-2.8932606893048973	5.489056807012201
0	-1.181102167367829	4.803791307521817
0	-1.5170657408447776	4.5276163517776915
1	-8.73841116947378	-4.9367735780827235
0	-0.04097432352242514	3.376242430175578
2	-8.516129202624064	-9.451820851331682
0	-1.9453823524406975	4.7564985582333446
2	-6.078753063060711	-9.026554001094276
0	-2.156484660847462	4.986298586542798
1	-9.245800230091843	-5.132952703406248
2	-7.975909892644257	-7.526021417378915
2	-8.460885161925912	-8.428409818617194
1	-13.130233066179665	-2.2157758548655404
1	-11.17868281660557	-3.5829644506550693
0	-2.128464426446127	4.558294498590641
0	-2.2217669369024984	3.281535442929662
0	-0.8869494854894711	0.2326881673637775
2	-8.949299501859143	-6.298269954642624
2	-6.354944823435971	-9.165852100375538
1	-8.511233247102478	-2.053048700765932
2	-8.053871860152798	-8.986563777810158
2	-6.5129981506819785	-7.265626826602757
0	-0.6634405846574599	2.4395032958289216
1	-10.802770630964009	-4.903410548669687
0	0.7321370417848123	3.0633275829182827
1	-7.87999659408492	-2.447353942379193
2	-4.975358553299647	-9.318442192520587
1	-9.586971867653249	-4.208473891391978
0	-3.855640266319407	4.1747530781273685
2	-7.201329287446391	-11.007303307640495
1	-10.825232869369618	-4.428296011241395
0	-0.9382907360507664	4.570467414701314
0	-1.4611882375688425	3.5616349626669765
0	-0.26267638779634095	5.831203091660155
0	-2.3326669549559536	3.397817810663267
1	-8.486362025555913	-4.013926359188629
0	-1.9167216871648196	4.686895437501154
2	-9.403524927368423	-9.158532558278953
1	-8.618541727025777	-4.417867767992778
0	-3.8257306140929037	3.6497910744234847
2	-6.133805921573659	-11.297028160295394
2	-7.859973615204745	-7.706441212614016
1	-10.856615229619052	-6.427974003385213
2	-7.498014779531355	-9.29635877390584
1	-12.148758597081228	-3.0129890884077604
2	-7.213110437861498	-8.558451555970763
1	-11.56281191400863	-3.174894490250686
1	-11.959669519148632	-1.7447540872703518
0	-1.8635258950994036	3.2105851906034673
0	-1.2311789180671313	5.734201615249254
0	-0.7046847918265733	6.520369952889174
0	-0.8931532442103858	6.972482626849865
2	-6.631564574539308	-6.829331460806248
0	-1.7135451785393065	5.9620483415040235
2	-6.563830572728579	-7.863639653763163
0	-2.725543561969694	6.103182769480604
1	-11.549406975453024	-4.462388203235112
2	-8.142513619010892	-8.041512462239478
2	-6.626621704433563	-7.431344416261742
1	-8.03431400223085	-2.8537397065495353
0	-2.9195432778668904	0.9591810480363838
2	-9.267360173574989	-6.66728121892759
1	-8.637562937660356	-3.7305137234373156
2	-8.103144540898633	-9.873090987686883
1	-10.54229267984514	-6.101449086586566
2	-3.0056948004618125	-9.130270404897239
2	-7.008493995082451	-8.82674938835455
2	-5.886408815250986	-7.17793603996523
2	-6.841647334262144	-8.980240606127321
2	-6.351871407735605	-5.527145397350601
0	-2.652397658358028	4.795037721531167
1	-12.078483283594284	-4.078438456718266
2	-4.335222554342993	-7.646202736948534
1	-9.88633648049802	-5.533189007622221
2	-8.89011958332381	-8.406582818028278
1	-7.6012570593845314	-3.0928685309822583
1	-9.50042240790204	-5.516003970395137
0	-0.9821359801156572	6.062751358297982
2	-8.50220140731616	-9.477760700174333
0	-2.082164309546939	7.491023153640602
0	-0.5712341288304197	3.920183539615345
2	-6.829207691020147	-8.731182476468375
2	-7.009813690794374	-10.01604801298585
0	-3.562848344709219	7.044628893968913
2	-6.61996100895651	-5.369271713997808
2	-6.315719387449527	-6.069964354656701
1	-9.998632011265544	-3.343208958737959
0	-0.44313239674318594	5.973153010904049
1	-12.623848880838342	-2.922449239587723
2	-7.787546744756327	-8.70689597855878
2	-7.485025413163838	-9.333481973708784
2	-7.288136795793026	-7.870589739334692
2	-6.106331836413441	-8.830704977550997
2	-7.846274251437163	-9.441968701876112
0	1.1974281565629523	6.073074916683918
2	-8.692912351676036	-8.567439606739619
2	-6.2756342811016985	-8.828652791902762
1	-9.252954946115683	-3.8393826117291217
1	-11.263579735559805	-5.7134634068613455
1	-12.866069932607722	-6.055592829528374
2	-6.850715673956573	-7.9990230692705575
0	-3.0859237825246737	3.349964371557973
2	-7.886227550128796	-8.261287530349922
1	-9.542327865049936	-5.154529106713355
0	-2.2034780373144076	2.17875519185498
1	-8.851650373580934	-1.4224657126304017
1	-9.261570431400711	-3.2128746916479374
0	-2.406880251395137	3.940012401388885
0	-0.6479657487172163	3.3229020107219354
2	-7.31660932851356	-7.272053777484154
2	-9.777340006888366	-10.739878605839378
0	-1.245405775063607	4.0359651325145585
1	-9.606471587869196	-3.5641169875135725
2	-7.970214934749428	-7.022869406373647
1	-7.547798189284546	-3.565234805894808
0	1.4391150743797319	2.1997544800942244
0	-3.976153578028567	2.086648308890176
2	-6.031427506549475	-9.119567584047404
2	-6.254423909252413	-8.914113908655551
0	-3.0332476795515384	3.795611804313213
2	-8.63314580392362	-7.796402587036994
1	-9.885398356820101	-6.633751653032878
2	-7.525972289584982	-8.196344263150694
0	-1.9341528863914799	4.074946516160658
1	-8.658829909907425	-5.051396374270985
1	-7.858799462406775	-1.7658410422344657
2	-6.060493139790183	-7.623528222911071
0	-2.5530617273139553	3.9428078908803683
0	-0.011065406827750701	3.054038133129165
2	-6.485546359309556	-7.238009049648344
1	-8.25382968348905	-6.009628870545779
1	-11.053134967437838	-5.143066520005183
0	-2.287966752465704	3.6877124961520527
0	-4.341166468575283	4.127773583672669
2	-5.7398085333691045	-9.33487573965287
0	0.7718085224841018	3.1972126427698253
0	-3.335525428901436	4.7581134155688
1	-11.632015011305317	-3.144641214257364
1	-9.980557646919976	-1.806949350599249
2	-5.964940508014943	-8.754206642181064
1	-8.834903325763511	-4.580534430238401
1	-10.004126885659248	-2.9058291084416163
2	-7.365644432717218	-7.0987686932000456
1	-7.643079238784811	-4.505096849412035
2	-7.281211623992533	-6.96466157591012
0	-2.454739606248597	3.7956298328252656
1	-11.367130632568843	-4.11143365297158
1	-9.547331989172818	-4.597742058213693
0	-0.9698873556332438	4.096993500775842
2	-8.311604466780697	-7.653288501788306
0	-2.5536894078300127	5.698924520854968
2	-5.81638366544023	-9.250227925005557
2	-6.784654987933862	-6.739003467071665
0	-4.293448366297797	5.478674265071884
2	-4.237434185690761	-5.372310445475244
0	-1.8175769747098327	5.351783374870528
1	-10.350681058285273	-2.371045869105971
2	-7.187751405256608	-9.899312951518262
0	-1.9521459172623712	5.614580005191434
0	-1.7982083837608989	4.049676970657913
0	-1.1020544691307215	7.18600409644723
0	-2.415520829661996	4.4334237063194015
0	0.08236863406419159	6.011438177268361
0	-1.1328845611820715	4.303334174225204
2	-7.373969775076912	-9.177965169997094
2	-6.924763167095607	-5.820985314739948
0	0.7819162237748403	4.913507413704875
1	-9.106305179648894	-3.629559038822295
2	-5.7386604909846906	-7.458402270309158
2	-6.7050749352155234	-9.114634287540671
2	-7.013170459019071	-8.656448978516474
1	-11.306466164235244	-5.594034215594937
2	-6.98193615340915	-7.5445024292543765
1	-7.784937286189866	-3.7862760820660286
1	-10.043914471745063	-1.5849776899508679
1	-9.981643863711504	-3.137162421981875
1	-11.086682586681784	-2.4842110684232828
0	-1.861749599892105	5.980317304972013
2	-5.789069184993422	-9.400531930517031
1	-11.140464539520774	-5.392646281705607
0	-2.712032704194465	3.795435341081585
1	-9.989044916095162	-3.784802778881079
1	-12.001255681201012	-3.074419367583945
1	-8.578882941416945	-5.291213030191268
2	-5.19219625917694	-8.344450521006939
1	-6.939546794285261	-4.547788485127169
1	-13.047052681652799	-4.625831030800636
0	-0.3796366272129199	4.196922273181553
1	-11.16261792046589	-4.281730693109468
2	-6.744155592785791	-5.468264210314479
1	-11.215127519512361	-4.811318514632388
1	-10.150276174294824	-6.652297241690285
1	-11.052805091442082	-5.3401129391857
2	-5.906198476809254	-7.720514272225946
2	-6.773412402796221	-8.224084472375125
1	-8.642148353826167	-4.799594443181279
0	-1.6623971302055252	2.311559231950014
0	-0.6876726874791422	2.3790157908666503
2	-6.261317537117892	-8.526505837190271
0	-2.979843502760889	4.377989086522187
0	-1.3470305237671418	3.313964740672103
2	-8.651296088758277	-7.0028054037226015
2	-7.523936928763973	-7.454591770987626
0	-3.3342649327756364	4.527880520303079
1	-9.521571770636552	-3.6928281383475805
2	-4.8873025239992	-8.31524290766492
1	-9.946819306065997	-3.5559686122979026
2	-8.221439953650064	-8.969596970784336
0	-0.521351415801623	5.733853090540487
1	-11.563127792532047	-0.38732523353768045
0	-1.6857423337027866	5.50359364453076
1	-8.042349326466699	-3.745455328685406
2	-6.6091784262752915	-10.5455725352466
1	-8.65703634558154	-2.529446418013133
1	-8.550380298348664	-0.31688861846643235
1	-9.673061107129202	-5.188514403653243
0	-0.3796380730150861	3.7869459042766134
2	-6.915455113506574	-10.421737971234958
2	-6.394119277512663	-9.197419873990919
1	-10.70702584219743	-6.063944713109487
0	-3.796060418720022	6.347763338731923
1	-11.94842317804207	-3.201613960866801
0	-3.1014553044942845	2.2190031782534305
0	-2.0891372790412803	3.10015839436522
2	-7.273204231815484	-4.175018585457879
2	-7.9529910963201615	-8.078739049719882
2	-5.830740625462086	-11.036358941662915
0	-1.4584876111165848	6.20957216214272
1	-11.161554739610901	-5.461744380297166
0	-2.9136341260270964	4.567882276095934
1	-10.606818855446335	-4.985959862116093
1	-8.907692554599878	-4.511288458621337
1	-10.52135304852795	-3.594781488917537
1	-9.531776773329895	-4.141519338163062
2	-6.088360425195274	-7.370460849953051
0	0.08094794904213476	4.960728943406747
2	-5.122005663285745	-8.598151406814868
2	-6.357848232827174	-7.842285294983876
0	-0.6776896770684688	4.329707197431665
1	-10.020213602399824	-4.115697700744801
0	-0.7317512097690797	3.7417319727922047
2	-7.5307276730164	-11.488322077517779
2	-8.322898295319542	-9.966878792586323
2	-6.633731832243037	-9.296505346567628
0	-0.7890647370436756	2.9465884909693014
1	-10.333074834835932	-5.560418367943256
2	-8.610968201453481	-7.789366829601675
1	-9.856452766883228	-5.527389029803279
2	-7.348725230723336	-8.517560683453521
1	-9.236835126844042	-4.128199683448323
0	-2.468108775978575	5.372639850757564
0	-1.2448109487152441	3.306582463000192
2	-5.300025679698074	-9.647355194943732
0	-0.7325816050680174	4.1302253803625435
1	-10.166161128734112	-2.7471642708324944
1	-10.4491085779522	-3.5763840992337883
2	-6.528584539798178	-6.7492657426775615
1	-11.747408727349963	-5.427457002441423
0	-2.2552484302327325	5.735624749153649
1	-9.970236606345994	-4.138441812361655
1	-10.88972689023247	-5.830434682666718
0	-1.1287542656242588	4.126057344044037
2	-7.741038445904013	-8.02968339447725
2	-8.054641242565738	-10.139112017223388
2	-8.164093339486891	-8.92195204289549
0	0.09105284305142658	4.346986818707438
1	-10.390385047595075	-5.202418816540385
2	-6.203345715099827	-8.17369349263504
0	-1.3621103257583649	4.58500283755435
1	-8.596119442680326	-5.577814955930911
1	-6.795885165284105	-3.9937951312877495
2	-7.523603626190409	-10.851485795245395
2	-7.132956018702402	-11.83260789882485
2	-5.892903919174866	-8.873280209240077
2	-7.375116839115096	-9.81730683869909
2	-5.422784548764946	-6.937976700481749
1	-10.224491236473987	-2.4358046287128685
0	-2.793054053601467	7.183646710703426
2	-6.889017410489741	-8.858638020972913
1	-7.539379107574803	-5.520845830965525
1	-10.999607603509464	-3.945940383927885
0	-1.1259840135844943	5.680870136485394
1	-9.780231513151442	-0.9261657688526594
1	-8.963323278276317	-4.325044806524504
2	-4.541165009429038	-7.849947348528841
2	-7.514162684424309	-6.858575689978373
2	-9.225279857879286	-10.210855139100351
1	-9.643727532104805	-2.3291289400065334
1	-11.769306850259797	-2.84626801932425
1	-10.487829330725738	0.28760114372627044
0	-3.6451780227913506	4.730989305273873
0	-0.15342024904628326	5.715998624816459
0	0.5336019996189414	1.3162788045966805
2	-7.798508747573224	-7.285171094828051
2	-8.353116909771044	-9.178134182244644
2	-8.06822543309622	-6.9197824991456995
0	-1.7635529509842438	4.243901768082852
2	-7.299854909776717	-5.548393167941237
0	-0.15102988548169494	4.936840692847105
2	-6.83062329972528	-10.552686745914308
2	-5.228218223362547	-7.947681209175393
1	-9.288677028062912	-3.046677926594068
0	-2.591437561593887	5.98241184214407
1	-11.044427353843197	-4.820837122892883
2	-6.728493291887032	-10.431418588990303
0	-2.964572240734798	4.9602755731634725
1	-13.224277236459038	-3.748897039307796
0	-1.686286229529428	3.5062816699897423
2	-6.481886053244262	-8.028143601645027
2	-4.722302076792703	-5.116229249467866
2	-6.027300894603493	-9.350748227021342
2	-9.460847928196428	-4.817496881547234
1	-10.038564719493845	-5.52105700955242
1	-7.375169554421028	-3.238922823802729
0	-2.9458051430581778	3.005217104121238
1	-8.922686038263736	-4.241013812449801
2	-7.202394983108821	-8.256615633869217
1	-10.689186063266067	-2.200841297837589
1	-9.865658359465781	-5.065988894617013
1	-9.156335416033082	-5.335837129133896
0	-1.1087121851227224	6.2558386574075175
1	-9.830417685843381	-5.860100131997308
0	-3.329714060408005	4.30537483142288
1	-10.202669653213269	-5.999150584293858
1	-11.976057744802931	-2.685208903677384
0	0.01201455922116823	3.5267039606107726
2	-6.883971546613405	-8.414850021633322
1	-8.67351390449331	-1.703460802110075
0	-3.3066846240800665	5.544445463375334
1	-9.872562711508312	-3.0527568031904178
0	1.417200258337647	5.284982869101735
2	-6.014688815075386	-8.558281782792806
1	-9.623023792729754	-5.689623803950045
1	-9.725958869434871	-5.140649195582579
0	-1.8245471411939298	4.419313286997198
2	-9.869672993295127	-6.865816840407201
1	-13.03702212740389	-3.9517663924504642
1	-10.185593862005126	-4.572840054502148
0	-0.4567683581415025	4.47634081647938
2	-8.432827869956926	-9.360266593636688
1	-8.254026423217605	-4.649789700880219
2	-7.3086279851927864	-8.882935132726372
2	-3.8452789121334887	-4.948619876467169
2	-7.891195658063126	-8.629427360511118
0	-5.431946842557187	5.628427391319594
0	-0.3614484619615017	0.9541818235227373
1	-9.130096698553897	-5.297544201732931
1	-13.051566156163586	-4.944711261453314
0	-3.719235886318653	4.8792289569066
0	-2.711576545334285	3.600655333030154
2	-6.443531384855571	-9.282300558191466
0	1.0458235662812267	3.727702408917123
2	-9.164916514002893	-10.104827222760273
0	-2.037071217395656	4.980562629429707
1	-8.41814893961909	-3.0155212669122413
0	-1.1985633053779323	4.5085379208457805
2	-6.70126605501844	-7.6822854901909885
2	-5.030852527254882	-8.297465450098377
2	-11.17359479210342	-7.387755637384071
2	-4.998382259310497	-7.19880220959716
2	-9.818730745594028	-7.644690410208191
2	-6.047637335851258	-6.752195190893931
2	-6.322175816332445	-9.197735880327022
2	-7.778357299543594	-9.006974938242356
2	-5.7523880976148085	-9.72728180287923
1	-13.2962994901063	-2.558113051275655
1	-8.371784536353536	-3.972991664380965
2	-8.941698052865938	-9.906637494773918
2	-6.420900406806587	-7.7616660999770355
2	-7.282071855372636	-8.41156558787976
0	-2.4430946036520624	3.8526060160997093
2	-6.154979718074044	-7.5806443048725285
0	-1.3731866789473206	7.556872573561424
1	-11.287453039454359	-4.6102108638864365
1	-11.817174960418054	-2.7901282865551744
2	-8.847519091205974	-6.85071753288375
2	-8.572029095568197	-7.021003003202403
1	-7.973870986259036	-5.86601934436845
0	0.9808139337251203	4.315511131180947
1	-12.185216412699049	-2.5262758286432856
2	-7.115476465158715	-8.279669505282483
0	-1.1503281975950383	4.845886557364018
0	-2.5482518336784237	0.9491279621879545
2	-7.24459573946814	-9.536567996569092
1	-8.857814349858726	-6.153583272093412
2	-9.223673722223847	-9.493643316633143
0	-5.121617676390969	4.897092480197212
2	-6.620327675987849	-8.153216836292174
1	-7.351284915434263	-6.034565449105607
1	-12.788508609479607	-5.891763479416314
2	-6.607339007870558	-6.373631460652694
0	-0.6506302837663012	8.04980532312763
0	0.33762576293286806	3.975528073629133
2	-7.187435586271737	-11.148346413001114
2	-8.886442228872403	-8.668478143024554
0	-2.1349117007410388	5.3679686684184205
0	-2.153137229960141	6.4271480658489075
2	-6.895545453617024	-9.489647911802141
1	-11.323369481513115	-3.5050960187605504
2	-8.505401784081702	-9.41909800324499
2	-7.762661704349078	-5.464743620594771
1	-10.422291805535284	-5.892454651299966
0	-0.8171027611634115	6.678615442566538
0	-0.8676340744497106	2.064810032855131
2	-8.06051019128396	-7.433622725860223
0	-2.0164728095767934	6.139421697975499
2	-7.928235508642221	-5.7872910018260075
1	-11.587763895261213	-5.119894975207986
1	-11.377373459439813	-1.4116585176662984
0	-0.6670382912495458	5.8860181391612585
2	-6.496058034616342	-10.065220835404084
0	-1.114538028087122	2.936909581675692
2	-7.759658386720371	-10.149381927874028
2	-4.499087555752835	-9.461712856046365
1	-10.29546298275415	-4.074259038852569
1	-8.563897532606381	-3.5612454940528755
2	-9.0709845688553	-6.7652891993794055
2	-8.049252688108295	-7.733885164703225
0	-0.7550060407584712	4.878137769471868
0	-1.696485339762187	3.243747440089422
2	-5.84089845293949	-8.383699092036183
0	-0.9595950051052584	5.957020170752413
0	-5.84918740616833	7.312783089267281
1	-10.195270847514537	-0.6948493529800661
0	-2.020610658576499	3.1229827802514136
0	-3.321128659375348	4.379912391977948
