1	-8.84245074823495	-3.6072908010785305
3	-6.324505195602227	-3.0089959503190027
3	-7.062944191207167	-3.4875973355466323
0	-2.6208235049790294	2.9481654084500075
1	-8.280623770596778	-4.757625540086418
2	-7.363120833053866	-7.759154652883747
3	-4.130809859096665	-3.5801764653659593
1	-8.832377062513894	-3.7567032523962998
3	-7.197573409153754	-3.3141067795008006
3	-7.268776893367591	-4.418493280919125
1	-10.000617953928643	-4.013978849642447
3	-6.347415862473366	-1.9324563157173964
0	-2.966093978792538	4.482870349002754
2	-7.32796343659522	-9.253574500769737
0	-1.3788948288258804	4.333377165095884
2	-6.592191866597612	-7.548781024111287
0	-2.6104691569992893	3.702139537319703
2	-5.944520384082605	-7.29277365684545
3	-6.438745985670841	-4.499751430750352
3	-6.151958647528981	-4.77145658944756
3	-5.419208953269393	-1.1330318606151393
0	-1.2878896147366543	6.25949935391254
0	-1.509543627220716	4.870024190574827
2	-8.470139843667738	-7.411171524908018
1	-12.3057510172814	-3.6262801397938373
3	-7.425215868571008	-3.7123637179872095
0	-1.3038426443725026	5.256076713937984
2	-7.526731688598785	-9.931546229755716
3	-5.573141340276178	-2.7686842762520385
0	-2.1506850437393377	4.540862984882916
3	-7.151046614550677	-2.558715774082122
2	-6.396318787645593	-8.440803731128362
3	-6.021407159253233	-2.7454930530490556
1	-8.84075000659487	-4.126187919258678
1	-9.723885412986533	-4.123432110049053
2	-6.485794967907703	-7.308709665047163
1	-9.643110451540274	-4.165721832853825
1	-7.285762629757945	-5.051497179920423
1	-10.00944671802966	-4.6638492220301595
3	-7.315989333282237	-4.08720811398138
1	-12.512637128058879	-3.138723532378916
0	-1.8513954583101344	3.5188609047583252
1	-11.387262742123617	-3.119065342111447
0	-0.9007542458505886	5.291398683308045
0	-1.5482226395655496	4.386967310522889
3	-6.034924273485106	-3.729722914416796
1	-9.947790015585245	-3.733871053587768
0	-0.9985396183498266	6.198648077818729
2	-6.569744605440876	-8.849566621759363
0	0.5311398230212139	2.510128945952069
0	-1.1643485819705592	4.2317867091006605
2	-5.55104143512826	-9.50849956892168
2	-7.030953385266336	-7.888308147913843
0	-1.3382939914646879	3.6812749430977956
0	-2.760179083161441	5.551213578682775
1	-8.233427444840544	-5.340826481858139
1	-9.961515040892666	-1.9233510599227435
1	-10.413788047813284	-3.32169144637233
0	-2.0343645932511722	3.6565202515674953
2	-8.912069694539605	-8.33817746909526
1	-11.068000795249182	-4.067130111676954
0	-1.859120623944736	3.7518867003181837
3	-6.051349311236836	-2.0432180804683746
1	-11.277138659966624	-5.293557723266705
1	-9.139701051562021	-5.312145388465134
0	-0.9851638011276507	3.6840979634290107
1	-11.645865422260705	-5.316625104408342
3	-6.116476748676521	-3.076080687073477
1	-10.745238772232701	-4.54002898706066
3	-6.237203646729724	-3.537799648292715
1	-10.507381244266849	-3.5295751171687
1	-9.48116003761073	-4.210743543870034
1	-10.435976452673932	-3.974101808961628
0	-2.4374187325759324	5.52233097676733
0	-2.2556462405361817	5.268112970184365
2	-6.785480832436073	-8.038444293223412
0	-2.189679706148571	3.9992498448312306
1	-10.75954719423155	-4.91288037025814
1	-9.034519406512679	-5.916423615311804
0	-1.3439249587069142	2.3842886530191585
1	-10.708368274333884	-2.822219946938243
0	-1.8371921019320705	2.896033493755593
2	-7.876492194230579	-8.725208082803501
0	-2.1387170047345996	4.756657027671441
1	-10.773607327624967	-4.958945769319179
3	-5.8104736552127045	-3.493554054364944
3	-5.69677082871141	-3.373420611894775
1	-8.367082711514065	-3.780532463259546
0	-3.216501463813551	3.7940477405588173
0	-0.6732247181272776	4.620023770178603
3	-6.55039803608229	-2.7547418900729053
3	-5.70686517587353	-2.6649141070460396
3	-6.526160918073595	-3.481767792041862
1	-10.802254089006544	-4.599930762744591
0	-1.0229764965338886	5.81574325820717
0	-1.349743147341031	5.457810636691913
3	-6.563216388549115	-3.418145424795849
3	-7.154841244449627	-3.7424479000679036
0	-0.6145654962746221	5.0150045673280115
0	-3.602883311616872	4.7589842332124945
2	-8.137214293850242	-9.660303695332194
2	-7.110264740354181	-10.606147967424583
1	-11.772308491877935	-4.265578208741017
3	-6.247140718755625	-2.157590748473579
0	-1.041574372028185	4.222313543189416
1	-10.355226717672114	-3.4306933732650826
1	-8.859539734372024	-3.6579088827045654
0	1.661518850221845	3.8062645384658467
2	-6.690306071701838	-6.7018929888635075
0	-0.32810279336092774	4.119182005367143
2	-7.797689620877174	-8.665710730138342
2	-8.689241146823626	-8.996345434716885
2	-8.894101817407636	-7.918791382656169
0	-3.0326772261952755	4.721649260885453
1	-9.679854624550845	-4.380015831401657
1	-7.958040237946477	-2.3565766493415525
2	-6.740013631419454	-8.729180300777617
0	-1.637697069321967	3.93781605256527
0	0.4062234142703147	2.9353329430105366
0	-0.25201990570729094	4.535591448553887
2	-7.8993805191135475	-9.359095016449984
1	-10.828885906838504	-4.5173350057733614
3	-5.7398927196025	-1.287168744541031
0	-2.586431845157144	4.224069462480064
1	-8.80870174659471	-6.271777025050611
1	-9.364203632874508	-5.64565109621359
3	-4.897758315790871	-4.3529964331287
3	-5.962827159751051	-2.3197002781449507
1	-8.899024002605982	-2.8001359259884824
0	0.2642555200224055	3.8005085483045637
1	-10.184153774936986	-4.308590060860166
2	-6.744120203002141	-6.234608578222938
3	-8.120046705053126	-2.230181523759204
1	-9.469761949320562	-5.514468438021892
0	-1.84048020802667	3.802569241049904
3	-5.906873083796075	-2.497051273791519
2	-5.300632604619169	-8.14566770958673
0	-3.4474727971482353	4.768337184682729
2	-5.272269112025231	-8.792324604820838
1	-7.432259722936322	-4.41746345301141
1	-10.80785253429681	-3.3386859612378488
0	-2.5170567306882914	3.4723080256952126
1	-9.861608039767628	-2.880417449366411
0	-0.8614961106495764	4.3045578295795615
1	-10.549392747464113	-4.269980189948664
1	-12.615002598041036	-5.768075634930468
2	-6.53396097087116	-6.725898717687207
0	-1.9886114552896004	5.753595333513659
3	-7.579103285940484	-3.6871429171357395
2	-7.8448203076499805	-8.910065345146903
0	-2.5582430992671656	4.726146810787755
1	-10.316993362401421	-4.142014886268323
1	-10.154647570635927	-2.856500399507063
1	-8.98951689274284	-6.969380532572503
2	-8.064997903604421	-7.606229874978586
1	-10.461050471489433	-3.6563911796058948
2	-7.1025913778581655	-8.107965535903334
2	-7.60158760186501	-8.7866027721617
3	-6.983623269431929	-3.101093155147854
3	-7.161983322035297	-3.0114582121212505
2	-6.724527221404381	-8.617922573448652
0	-0.6515934283479412	4.798824779967469
1	-11.456048443017066	-3.0019667348832586
1	-10.624319948250154	-3.1812288699225055
2	-6.1068136653916785	-6.446566263141904
2	-6.505949447943356	-8.198928027846089
3	-7.105943961195222	-2.7554923905818853
3	-6.77617779110122	-4.842198927601525
2	-7.155226551269077	-8.64199896195575
3	-7.660855527327263	-3.326285841608862
3	-8.126180841412792	-2.8789096257470024
1	-10.370732695968158	-5.2856538408796325
2	-7.749621889331349	-8.110911325383
1	-9.140164950062706	-3.815463679453377
1	-9.282379054548327	-3.514221174144403
3	-7.427170642076833	-4.499617389224012
1	-10.785026045621414	-3.706425816224448
1	-8.35875090049914	-5.278839813058191
3	-8.951637148794074	-3.3264839228080123
3	-6.580610067468363	-4.8876239195532785
1	-9.339175632093307	-2.9544468983699237
1	-11.398306950321752	-2.403739694151942
1	-7.767438355851422	-4.50210937651559
1	-10.862542445118688	-3.3445994650215023
2	-8.884331025862206	-7.899914198901252
0	-2.5397489704900993	4.387489347295845
2	-6.172293787827288	-8.885259989229231
1	-10.598216842277383	-4.601984314964781
1	-8.6887801693716	-3.2202759868207584
3	-5.679606508321984	-2.8154516676142443
2	-8.594480163032404	-7.780467622235756
3	-6.344638420268225	-2.7987562008372717
3	-5.886280291137597	-3.0582634933157054
2	-7.910077612721981	-6.843068873232584
3	-6.57722723330185	-1.8814684286388366
0	0.034249207339561494	4.603359648093453
2	-8.470109727734009	-7.783367630903685
1	-10.197651896874381	-3.945959563657021
2	-7.257994445958287	-9.356118116595372
2	-8.5640450454361	-7.720375877245752
2	-8.861998276011953	-6.867101856171857
2	-6.615284491743782	-7.030358358828669
3	-6.676390217755974	-4.08824774436468
1	-8.39338856053676	-4.219839108269296
3	-5.9026852276855335	-1.4961171259426933
1	-9.574709294069825	-4.0875971119935235
1	-11.45669446264008	-3.0008007289317096
2	-6.298655992970318	-9.2286879211607
2	-7.227379384681104	-8.639699456692263
1	-9.88436424847981	-4.278090811404172
0	-1.7824501314671677	3.4707204345840927
0	-1.1348094136516957	3.9293656623738293
0	-0.8576988740771748	4.453057167267307
1	-11.166673848452334	-5.852811646984655
0	-3.5548268534249856	4.496218986287813
1	-9.704140416404844	-4.314752407898344
0	-1.5273121270287349	3.843253264725705
0	-2.6149851683222085	4.9924002999457775
2	-5.805748654057979	-8.905205538834986
0	-1.4896906506009477	3.2424818976819596
2	-4.220943613918441	-5.728250630090605
1	-10.360765954447793	-5.3854155735121125
2	-8.46490507055451	-9.45429418338153
0	-1.7660200275040594	1.615493462149315
3	-4.56426602050998	-3.9611086267539237
1	-9.492349062140548	-3.4384837095073606
1	-11.147435291794244	-3.5277259677521675
1	-9.93299513146555	-3.3963496071907056
0	-1.990843075881148	4.793029013976253
3	-7.115127831681301	-1.8177372250776946
2	-6.581217450292804	-9.475990524389829
3	-4.02224271168572	-4.099195407839346
2	-7.365497311458481	-9.112260721604759
2	-6.989908759954372	-6.681226490056183
2	-4.335420048212645	-8.267385172626966
0	-0.353353840813071	3.8018868996787853
1	-10.03619496593788	-4.436075409728753
0	-2.7498982384033344	6.106678015488687
3	-7.3638829188370805	-1.8087273626360927
0	-3.3789543805680426	4.463610864925253
2	-6.304950081128155	-9.620051254444183
1	-11.422046178834103	-2.6591662341040303
3	-6.915298228694715	-3.212640310604502
2	-7.6515419800977265	-7.292181862217973
2	-8.156072740411936	-8.88960523956803
0	-2.3654004133508035	5.599175936597855
3	-6.578129492321257	-2.742303469756224
0	-2.6373329074814866	4.578447001010752
1	-9.318411358703438	-2.52580159603586
1	-7.943237741667794	-4.5449147976299304
2	-7.202956840003827	-7.9031854158753445
3	-6.014252298800562	-4.474324573897011
1	-8.675018518544462	-3.7591735310694276
3	-8.525872321137761	-0.19519290731007555
0	-0.8186983478074158	4.303602651269624
0	-1.8501082036099714	4.639828995103283
3	-7.537142656143695	-4.0497058270097455
0	-2.0542495869440773	3.2346764896220392
3	-6.154188681083694	-3.2632000704785624
3	-6.086016568787633	-3.4099292023028704
0	-1.9257784119521415	4.43910441553652
0	-1.1929166387196788	5.440176736782663
2	-7.347935051579194	-9.445965507248552
0	-0.8667530400291719	3.7829591391633697
2	-6.830110902606831	-6.676414495997861
3	-6.175177725679139	-4.601125370212987
1	-11.321457914881655	-3.7370155897427306
2	-6.2688643681839045	-7.049480081162487
0	-0.4344040566752887	3.3529437951428465
0	-4.45264490609506	6.344018682459241
2	-6.869136264602934	-8.311700521284056
3	-5.523628693669355	-4.501244304273208
2	-6.392853615675767	-7.256906457755175
2	-7.78330314055984	-8.078751009701
3	-7.861418492833424	-4.053405797933389
1	-11.33340795535171	-3.3673957608436984
3	-5.424253773337038	-3.9203213430677026
3	-5.489146860175414	-2.4385907493665018
0	-2.003460615158912	3.406320678970646
3	-6.3481491966241865	-3.777999544318516
2	-6.8088027462057745	-8.359989438682415
3	-8.330439062727324	-3.979703627701654
2	-8.925412920875408	-9.445504725992784
1	-10.75516353705626	-4.315994466130629
1	-9.917152133051014	-3.035928780960964
1	-9.943930099226021	-4.412930380535573
0	-1.7649046184560617	5.036685539528072
2	-8.069646791598045	-7.39841137034295
0	-0.5069607709379158	4.182254096719663
0	-1.6087521511724905	3.769494222273808
0	-1.0967988093294934	4.647226961080894
2	-6.878658438139525	-8.157058047690523
2	-7.841485794866264	-8.372149535121554
0	-0.19866752548544153	4.998962670267181
2	-7.079882916155554	-8.26146087354511
0	-0.8205764920740146	5.337591950146718
2	-3.929834843569832	-7.712914995506819
3	-7.438424284799339	-3.4902249784450836
3	-5.9967159854581125	-3.1212760015688414
2	-5.86075465739893	-10.096327516926966
3	-5.63576220761705	-3.540436707757013
0	-1.5377386349570825	5.535973776755081
2	-6.815211168784209	-8.816383935919887
0	-1.266450661094536	2.582570016217968
1	-10.42848224304537	-3.0090638181639155
0	-1.6092428198013842	5.056813083095507
3	-6.464439431368636	-2.2271150690298063
2	-8.162391986304382	-7.245306017711219
0	-1.1563750925131935	5.6997157513754235
2	-8.711516965236347	-7.216184667731459
3	-6.892070643919851	-2.939558077099465
3	-6.2662071619949655	-4.14743244207901
2	-8.148842320542386	-10.313497517673346
2	-5.8837434552324135	-6.512091918916527
3	-5.601142412228656	-1.5208901615284016
0	-4.713324286374824	4.886342239996979
3	-5.179108253945342	-3.302814992294159
0	-1.1444862923091539	1.6239554011902388
2	-7.518385302571416	-8.974133476060828
3	-5.925661819955244	-2.6367162391587327
2	-6.904980440378333	-8.375840514071884
0	-1.1283961124922945	4.410490710818537
0	-2.0977601732871882	4.592025489809717
1	-8.684817092123373	-3.929991519793547
3	-6.349744292723066	-0.9742486589125492
1	-8.475846736985604	-3.7509011904492255
1	-8.69648766592394	-4.2657406625546415
0	-0.8795327706098901	3.7770482647893813
1	-10.470588062682655	-5.360412657860727
2	-7.271705287295977	-9.262613927340741
1	-8.349118426602017	-3.520558347728666
0	-2.841878032458153	3.740735350644035
3	-4.389830440468597	-1.234840353039844
1	-11.534741370592663	-3.449442328173502
0	-1.249294160551675	5.266360840640074
3	-5.221319819327799	-4.3394635222003
1	-10.450817455031036	-4.694311889969564
2	-6.738069121680211	-8.491753829765628
3	-7.272231324581052	-1.8520508474071788
2	-7.259903060296824	-10.127475867261996
1	-9.852725176651996	-1.9352266950228412
0	-1.6949278308272304	6.517094922443871
0	-0.9041678767576642	5.107471990366406
3	-7.632897233408426	-0.6434074162576562
2	-6.754258363442268	-8.278675298490617
3	-5.20129293265073	-3.757834937273355
0	-1.2144631956039476	4.504602115065153
3	-5.654078264390529	-5.184652162919944
3	-5.634331379195678	-5.1654767412617195
0	-2.351220657673829	4.0097363419871845
2	-8.253306788689896	-7.284887723463848
2	-6.4565268069661865	-8.504919980747623
2	-7.457051158971955	-6.771728689039248
1	-9.064082875444216	-5.717123263114495
2	-7.409171332938037	-8.214045579159558
3	-7.676069687274517	-3.5794294770610677
3	-4.6842390425331475	-2.545671737692337
1	-10.640586098572733	-3.118290182002056
1	-11.358692277557658	-4.30035849647479
2	-7.732812250228647	-8.148289329000498
1	-12.045912962393876	-3.469464898021881
3	-5.96292087540733	-3.638929688261512
2	-6.746257488337736	-8.426605243019663
3	-6.585359432019023	-5.3121814410682
3	-6.725566613944099	-3.0064223190411816
1	-9.609791388752784	-2.483860839556809
3	-6.580832269184072	-2.6230279033814328
0	-1.6173461592329268	4.9893050825589835
3	-5.661077265906955	-3.1710383544234997
3	-6.296808576649309	-2.750485644317453
0	-1.6841768618242978	3.631328249674002
1	-12.0306059556529	-4.401670202988159
0	-2.9548177912296065	4.480810422525793
3	-6.056928623305441	-3.8693024941795056
1	-10.213867653052633	-3.1196697345006794
2	-6.709709505854001	-7.627867896615006
1	-10.353125994145243	-3.8544063013307084
2	-7.1985760558970835	-7.368438913563726
1	-7.829775433602945	-3.2053852180253726
3	-6.242037468531811	-3.9426665332418027
1	-9.718557050018438	-2.312794898807936
0	-0.7244121263574447	6.219017683960702
0	-2.3064765942034278	5.307976760491872
3	-5.65181464631413	-2.137012245415514
3	-5.56454148997215	-2.5038527260554315
2	-7.768277242183726	-9.077737699172376
0	-1.0865971799917633	4.864436945152903
3	-6.995743224644256	-2.661662653754313
2	-8.604961254999218	-7.732634712938932
2	-6.696216490661854	-8.048595781283591
0	-1.2082758899083488	2.7224298829749243
3	-4.787174804100272	-2.2490539836928813
3	-6.3077376609318625	-3.3825624054727688
1	-9.436794445239755	-4.875007601876999
0	-2.5753517550171985	3.9992378258231955
1	-10.369844419529224	-3.037729661869971
3	-5.676850131771815	-3.6734538469923423
2	-7.835920696985955	-8.697474015397573
2	-7.488831934897865	-7.356697305970955
1	-10.268941218773362	-2.090435457589733
1	-11.0215118199793	-3.385583807707552
1	-10.995333345491154	-5.093048635395988
3	-5.736530953114818	-2.714251802061243
0	-1.8391722005998774	4.908214978188327
3	-5.559442115240884	-2.3811237907215794
2	-4.85622055367663	-8.477559920240878
1	-10.034091147417197	-2.052569227639379
2	-6.086554641054913	-8.37519700433465
3	-6.944436377698361	-1.1837498713138692
2	-7.937384624045834	-9.247018550111866
2	-7.113346519700609	-9.39462236455275
0	-1.9860594040267037	3.0638140794657254
0	-1.5311829157925751	6.166905052418484
3	-5.080289359754953	-2.392143934406599
3	-6.125972539516186	-3.640127126807895
2	-7.857745918357379	-7.189291180915126
3	-4.458017852979362	-1.1974981175434394
3	-5.947015886937022	-3.4770300205714713
0	-0.8645338115236748	4.032051549999941
0	-0.5381421977128555	4.815390406779989
3	-5.792789582564236	-3.509886687915233
3	-6.761938019177107	-3.019156922893501
1	-9.43890951546799	-5.458239831142717
1	-9.668222536891625	-4.245927482723113
2	-8.028636577568271	-6.706699462235501
2	-9.237004894122753	-7.962840867349408
1	-12.537667906958776	-4.843310057684241
0	-1.1466300855305107	4.108397033740446
2	-8.977120469627486	-9.554724292734157
1	-8.990145518254975	-3.9937337552468204
1	-10.422783479408688	-2.2949492075552786
2	-9.106036362994942	-7.704527747850883
0	-2.8406630787203424	3.94655976440858
1	-11.308367069278495	-4.454050122550712
3	-4.529727330053815	-3.2693434363994136
0	-3.4154855461813716	5.121279466328977
1	-9.277026568890932	-5.498796184782998
3	-6.858371917996665	-4.6332725902917336
0	1.371297206423511	5.231074493876619
3	-5.845474587879148	-2.8277441227077054
2	-6.132629056402392	-7.453639209743459
0	-0.8435162216244586	3.7940828957143378
2	-5.181852647334877	-7.368290382328786
1	-9.72204842850303	-5.716598348354436
2	-7.270559907415877	-8.137478858970823
2	-7.110088653368057	-7.810381794028762
1	-10.238413005405087	-4.809019939757703
0	-0.9340093878697864	4.08228564935795
2	-5.589698705348915	-8.041846461092595
2	-7.179100443789115	-8.342995271067762
3	-6.491608467938573	-2.400394675184212
3	-5.018934629026002	-2.4298525711457124
1	-11.422573405307467	-4.856791273722701
2	-6.577971830183955	-8.917567730893643
1	-11.112680007848603	-5.255307573379167
0	-1.9185427593490518	4.595783066401819
0	-2.5522065794614037	4.245291549301924
1	-10.354900029256118	-4.474724932771243
3	-9.01393751141037	-2.578470480979062
1	-10.129418066227393	-1.781015751107779
3	-7.242579624852825	-1.8875767159550112
3	-6.161904619086106	-3.9797319972577756
3	-6.641733463950099	-3.6475581973820215
3	-7.075319612729884	-5.340365898344275
3	-6.8223593500939534	-3.1608250762896297
3	-6.480854166726031	-3.7719435027210766
0	0.39161353690892486	4.992151869015544
0	-1.696377562465547	4.518858357635381
0	-1.4270653467697816	5.089041275707647
0	-2.681445850589829	5.201018108444244
3	-4.4608211777294375	-3.9460001882913165
0	-2.8020781039706595	4.057147146430284
0	-3.886672537798534	2.707156264120866
3	-4.8971291562150885	-2.4525015291211214
3	-7.419151512444792	-2.604130741465035
0	-1.564134818757262	5.327939937502673
1	-9.44017986227578	-4.396003957033358
2	-7.2095015035305074	-7.598058131104947
0	-1.8742137481745422	5.4277379949420625
2	-6.603866219914553	-6.8367217019152955
0	-1.7960046498445525	4.287435681068351
3	-4.00846245167908	-2.379580258419621
2	-8.322998103192486	-7.942936603173731
0	-1.8027556509557572	5.439473647792912
0	-0.7283042271804004	5.356298684054491
1	-9.614685633895895	-3.0120229628136657
0	-1.1306801603633456	2.169403357730691
2	-7.65001746342643	-7.320876289186414
0	-2.346732606068119	3.561284227344442
2	-5.9005735365340986	-8.625841230875896
2	-6.484704538945142	-9.01675470114209
2	-7.582462709588674	-7.941793135632427
2	-8.307182695324595	-7.635955793654115
1	-9.950177881488	-3.7200688203071626
3	-5.58582598770774	-3.7330117787546175
3	-5.441444617138673	-2.9998633325821285
3	-5.6544043579373735	-3.352848619506792
0	-2.279560749896649	5.104521902915381
0	-1.6987381621580162	4.177735697622949
3	-4.713075701203225	-1.0641195557015921
1	-10.422695698751559	-2.5016696390452706
2	-7.923705334399942	-8.836498823037779
2	-5.050233309658187	-7.566343359267505
0	-1.8165535784418374	3.07128714582797
0	-3.2252980566044247	5.420312335814867
3	-6.2314753256392	-3.934793013944188
3	-4.4550226862367515	-2.7507685473553707
0	-0.8821407006996568	4.287718696740073
3	-5.829342725313061	-2.911131295703131
1	-11.03217548485305	-4.292708317944476
0	-1.2181954623799376	4.3063346355596615
2	-6.034127852595089	-8.501164773051517
0	-3.3337557135674514	5.231519693282148
2	-4.643292879720108	-8.827245411830525
1	-8.1494791356852	-3.0312381792226435
1	-11.785450212070943	-4.139159404143533
0	-1.265131875936407	5.13201242709672
3	-6.563550836362327	-3.8508725719935755
2	-6.383480273524133	-7.419216294705137
3	-7.5189355834096725	-4.027389015943784
0	-1.9696766794665796	1.9716521047360227
1	-10.587142174904209	-3.5131140429829806
0	-2.5934745615750208	3.8734695427595622
3	-5.867279765837713	-3.1597963230564527
0	-3.2122586891253553	4.984954289099403
2	-6.883713094178918	-8.944761870103628
3	-7.145245319186928	-4.127319640989068
2	-7.374250962056383	-9.386901257105512
1	-9.21822063760089	-5.039649454574096
3	-6.242870946420346	-4.682444780561134
0	-1.1441461041652785	3.2916188164772247
1	-10.825396460926104	-2.989443949921246
2	-6.837055268797125	-7.229375976618547
3	-6.251026636758489	-4.856007559640499
3	-5.970993267524951	-4.683681746220748
3	-7.652550869261809	-2.9752304544908994
1	-10.36977718466306	-3.869051156452914
1	-8.85010582904633	-4.468083469431526
0	-1.292328092064655	5.639389061219399
2	-6.080252679681004	-9.740296924710268
1	-9.901598361313582	-3.8012962064297757
2	-6.869926568867824	-9.300738162298256
0	-1.7989117113994408	3.67795237941846
0	-1.5533371819133017	2.880809552613804
3	-4.23132579251542	-2.7457106405242215
3	-5.4588702644651494	-1.0662096849318825
3	-7.341596659299583	-2.5599179384332142
2	-6.403767720185063	-9.750442348881801
0	-1.858558089752244	6.272961243995287
0	-2.426869732280254	5.081060575799166
3	-4.694778176372106	-3.082001471658801
2	-7.0356663923912315	-9.15891742522263
1	-9.333632956125728	-5.264672929372698
3	-6.050536511266111	-4.607579115383216
1	-12.17874047073505	-3.351083419824667
3	-6.718367653367254	-2.9508777699922826
3	-7.6887359144871965	-4.07613633940869
0	-1.3714817389433689	5.904598052420195
1	-9.963646641099249	-3.9449893846057216
0	-1.6770148577846975	5.137892385968227
2	-9.083237235352545	-6.714092702090111
1	-10.825860092841376	-4.064076961404303
0	-4.166000558624581	2.2923259469263355
2	-8.900781224948599	-7.814202975013475
3	-5.20865321255038	-3.778004427453712
0	-1.060346670489261	2.9362527798218485
2	-7.6795231085746485	-8.032885676616214
0	-0.6207353040891055	6.59346951581742
1	-11.94163426198489	-5.127372223906049
0	-2.071199069137002	5.685017951684883
3	-7.186759563312707	-3.8934777851474722
0	-2.1082979386201424	3.734041830056565
2	-7.090798282315898	-10.107419920349495
2	-5.862822832651151	-9.425101683038669
2	-7.714475731816839	-8.74230825590736
3	-7.305519784310411	-2.846211275790798
2	-7.914849051720548	-8.168218533285975
1	-10.911155913307875	-4.577253700031867
3	-5.7060983435819	-1.94195472991683
2	-6.3225406099022505	-9.284499312915317
3	-4.134877334280283	-4.341904706286902
1	-11.985542035047724	-3.092060031971754
1	-11.617358197473758	-1.9482080218166131
0	-3.532720883583821	5.327104986898117
0	-1.038477205109511	5.362611572967858
2	-5.839935169329786	-7.044490178958117
3	-5.16428789273774	-2.337431123948792
3	-4.431701267473188	-1.6738843056195825
0	-1.646207229601343	3.7117962735559353
3	-7.051971094391814	-2.094350456783138
3	-8.690683514399419	-3.1798864478003366
2	-8.383779011090958	-7.307801675500165
2	-7.201520283364517	-9.51709612924448
1	-10.400180128222718	-5.430247528548685
0	-1.2609615177870823	4.214486172212117
1	-9.508195885511315	-3.714552689840254
1	-9.158178280866887	-4.608965234509551
0	-0.5905739343296017	4.196736933420607
3	-6.584890549968711	-1.5806738874987916
1	-9.515536755219642	-5.832635538813373
2	-6.348197873398162	-8.34500494801511
1	-9.619136926857273	-4.49304620017639
0	-0.966193680288135	3.648422540286929
2	-6.66081407851002	-7.6407939578183655
2	-9.058018729390014	-8.210909862528382
3	-5.773779489728448	-2.86301825601316
0	-1.5194500246437668	2.9873410916986747
1	-8.869961158702871	-3.903055308336156
2	-6.471758617281728	-9.189416671015946
0	-1.4294651705841361	5.168501049155187
2	-5.480220144070304	-7.017744135828022
0	-1.8959968577615063	5.134303368842811
0	-2.0443921547813098	5.864598107452681
1	-10.017028510340682	-3.6839510945583434
0	-0.3683710030976437	4.290045720571498
1	-11.523747691635704	-4.715433352608336
0	-1.935405968509663	5.635445454493858
1	-11.266571462826901	-2.1945891972793703
1	-11.256062420936084	-4.5871406010598905
1	-8.64848482539039	-5.228462412033368
3	-5.574666860058348	-3.3588212445848855
3	-6.746248932149868	-2.467350816397267
1	-9.073956534589136	-6.407240477694472
2	-6.011839807635065	-7.528009917656736
0	0.47826816149096274	3.6209558719229262
0	-3.103673711378109	3.90202400589671
1	-8.725089172358608	-4.95191496215241
0	-2.4657381179019766	4.455551561216264
3	-5.5966325405755954	-2.1547635166523023
0	-1.4686444212810534	6.506745005322004
3	-7.234127450045901	-2.8248188945093093
3	-5.452034733649481	-5.010872683831625
2	-6.981448988894546	-7.552833608508854
2	-6.7573929810074835	-8.243186537145307
1	-9.666185773152394	-4.995118829384493
2	-8.108492376243703	-5.7758792287403615
1	-8.361597381493148	-3.5262900101890255
0	-1.3090139272844121	3.09420645760573
1	-8.571770476155551	-2.4950102106107117
0	-2.2233486405308223	4.496176276165752
1	-11.067729407782211	-3.3393969832833825
2	-5.992520313092838	-7.794211560749803
2	-8.124916444729813	-8.930925723187233
2	-7.219932004959402	-6.0406059853177085
3	-6.475303938486235	-2.3858125181897116
1	-9.544998881416738	-2.399783325801098
2	-6.082888525938579	-7.714666106535004
3	-7.792037506679456	-2.836154106395857
3	-6.422682741378715	-2.336864577751822
3	-6.6313563765156	-4.560572156972104
3	-5.186685244031858	-5.028549269372394
3	-7.021613013102528	-3.0552475918241546
1	-11.973442645526937	-4.542279723406949
0	-2.7567142662038817	5.245124616071539
3	-4.565588075147131	-3.326970478687425
2	-8.290904791455516	-7.440657541133535
1	-7.888964073654475	-2.3397869962709184
0	-2.727436482435075	4.32981050613743
2	-5.929542955538704	-9.4260037420892
3	-6.114448982822658	-3.2707900527744815
0	-1.5255117093938964	5.608544731042867
2	-6.897448928876482	-7.127478556817404
3	-7.259744679932586	-1.3923916052774468
0	-1.9657639185768914	5.234464511450407
2	-5.4259932529388735	-9.198226293692258
1	-10.131201173019162	-1.9667834364208046
2	-7.6006778456717345	-9.010828424826949
3	-5.954260181982077	-2.5468372833119894
3	-5.982622119630466	-2.607529666897509
0	-1.0361977293704867	3.971533185887934
3	-8.144656312204841	-2.230511282994482
3	-7.881531651975688	-2.631480692038216
1	-10.183604681275346	-3.4039267203830263
2	-8.220968116863238	-8.187779256245298
0	-1.1515755693331404	4.082457539823155
3	-6.077950007712371	-3.5596287690163675
0	-2.5295681291393715	4.7756803383900355
1	-10.008238679074116	-4.341589454352411
2	-7.9778276029349	-8.258618175029628
3	-6.0941906024967905	-4.423588752478577
0	-1.3830606011263358	3.673218264947849
2	-5.766310561883761	-10.049506035048436
0	-0.9669855584091638	3.9278175124275
0	-1.8319881134989553	3.5286314509217895
2	-5.0016967448733975	-6.87855962744667
3	-8.352655818114567	-0.741169547182317
3	-6.248086847210888	-3.9438390656764333
0	-0.21668297745221032	3.866808306640669
2	-6.589541666376316	-6.402506299775083
3	-6.001056845206579	-3.1647255203616993
3	-6.044155269783817	-3.943366370673058
1	-8.690881917885653	-3.6366335558245306
2	-5.477799661718842	-7.486847048498234
3	-3.5686708503159648	-3.7401469926545077
2	-7.597714144778291	-8.45828209857209
1	-9.779634005866932	-4.271164113677986
1	-9.091451090234496	-2.48672380709049
0	-1.0572406256528906	4.826772072490221
1	-9.230418877165684	-5.434003166643472
2	-6.997489263838845	-7.668050550961499
1	-10.346183643772399	-3.4156434599223173
1	-10.857539527520608	-4.391256758378693
1	-11.041112110556787	-3.434379175954859
1	-11.100682052577474	-3.1938549543681107
1	-10.427098476866114	-4.427938414442613
0	-1.6773774550024585	3.8063510696075484
1	-11.245446624558921	-2.4910805645877305
0	-0.908222670788035	4.546885305290512
3	-5.335623100556256	-5.138778687646063
3	-5.011436718261223	-2.830317578759577
1	-9.916629297855176	-0.5206851155676455
3	-7.360149217792114	-3.3649264605494276
0	-3.1004359302403595	5.638742939671598
3	-5.617533460142868	-3.189513067782346
1	-8.590301908995214	-4.039362060456342
1	-12.033614938660092	-4.614257023423278
1	-8.501307192292888	-2.28261932565228
2	-6.1516233310637105	-7.210714961610106
2	-7.940121570802655	-7.83240933281484
3	-5.813966788036837	-2.791758859969527
1	-8.435292974160138	-4.824150099971265
2	-5.8924329961369954	-8.97482858919684
1	-9.992944671876788	-3.3990960074544434
2	-6.066211594758352	-7.821534040362597
1	-10.579904941779434	-3.6265355682441496
0	-1.5515290886361741	4.435907487813927
2	-7.097220095897817	-7.722450471862238
1	-9.52491949996836	-2.8991415117274375
0	-1.2360655518844066	4.483829937191721
1	-9.662797359886042	-2.2509185004552625
3	-4.918776001511345	-3.1849436894552667
3	-6.204437864911945	-4.275088305185
1	-9.032824366783476	-1.5290419280986898
2	-6.7474550283133725	-7.979547831946962
2	-8.23134633278898	-9.13596707467619
2	-7.059103791952445	-8.040864258969295
3	-5.046290508181153	-4.730805786979655
2	-7.228007189870588	-7.572043160313324
2	-7.223488953551386	-7.45792210938469
1	-8.10055181626722	-5.334739700485074
1	-10.805434870348165	-2.7199236380639418
0	-2.776029923833264	4.48741696981644
2	-6.147135071783733	-8.79686227152607
0	-0.5573231733631774	3.176915615296733
1	-10.659604338592773	-3.694316645571201
0	-1.942423457583364	4.140162984524442
1	-9.98700007702537	-3.4092244637756517
3	-6.2269156655623865	-2.576317637989945
1	-11.381091856139266	-3.2359199253261473
0	-1.7943530352442432	5.455708159595729
2	-9.094827252843027	-7.54528151853491
1	-9.70670796128271	-2.878448798818101
2	-7.718706706971003	-7.793767038972757
3	-6.7379799078216704	-4.419554674639033
2	-5.912875613643088	-7.977300212164201
3	-6.901430743923949	-2.0945877149671523
2	-8.052502896361801	-7.493809297888364
2	-6.078686255384444	-6.720471678001902
3	-6.673613801795621	-3.788728351041176
0	-2.1349327810865018	4.884100050660718
2	-6.541509239744935	-8.630159502268398
0	-2.2529036601909387	4.9167974655884175
0	-1.0792297933452901	3.4332222835939215
2	-7.83304066003187	-9.21350192344935
1	-11.035001673008086	-4.8778897589392525
0	-0.6483528421736111	2.9299272083229813
0	0.08687518327945298	3.631419581769727
1	-9.690381436606042	-3.8853165126947924
2	-7.226386298206707	-10.00372723740506
1	-10.72303564043515	-1.968937298478083
1	-11.996476447826437	-3.7403228209683483
2	-6.425896229964529	-7.133075460108693
1	-8.374250400360015	-2.796904940969558
3	-6.837699832737722	-3.9685316634073033
0	-2.205334073931087	4.207652005954265
2	-4.757954909686566	-9.10197735663315
0	-0.3660102852852112	3.967492205176884
1	-9.909676407528222	-4.695108778865744
3	-7.067062078858273	-4.176388244492982
2	-6.72315696233427	-9.734596109814948
3	-5.960275869348307	-1.4779039817563633
2	-6.510424644783294	-7.62046920078121
1	-8.682771716135075	-3.9716060825372517
2	-7.692951196316538	-8.411923540721736
1	-10.324457055034859	-1.1260487533035546
1	-9.609977840910151	-4.3081473093738785
2	-6.804193702747526	-7.652908585137374
1	-9.428808413150385	-2.0245482420090872
1	-8.431026302556957	-4.191096645508568
0	-0.5451769291687276	3.819965930021569
2	-6.96069220778512	-7.440350805168023
1	-11.210687474829736	-3.177868373491185
2	-7.768497159514229	-8.946373419718697
1	-9.198471632517581	-2.6218160237842767
1	-10.445824309746618	-4.564143550211617
1	-9.897320781253553	-3.632022713900617
3	-5.493476929458001	-3.5688201955497334
2	-6.975764653598156	-8.047870712698893
0	-1.5555065162394301	4.934493290914998
0	0.5260155005846419	3.009993533355024
3	-6.857289338113091	-3.023944211495917
0	-1.9279312100690962	4.274814242556143
1	-8.468464640251668	-3.266865907231559
3	-6.859077778892569	-2.9856208052447752
0	-1.1672233500118707	3.7258117278342757
3	-3.4874343244959207	-2.6826528620414782
0	-2.084052696519447	3.6749588871128283
0	-2.1195027367892068	5.050843534873484
2	-9.243107280983258	-8.473150691752062
2	-7.6157578332613305	-8.470694275215427
2	-6.528117338420437	-6.876678329109947
3	-7.289700103788855	-2.6144814937839063
2	-8.629810951630363	-7.201045977883632
0	-1.494894840099313	5.184664047942728
2	-7.767502461088891	-9.864992969684497
3	-5.895579673085651	-4.36344727965907
0	-2.6079995624023162	3.9830115716176255
1	-10.570314320963735	-5.603098851377877
1	-10.140302795482746	-3.687418402994953
0	-0.0840919973761387	5.613097766878729
3	-5.157549853745523	-3.2998741015684216
1	-10.21170028521463	-2.807421193228883
0	-1.842621892910493	4.1854609670548255
0	-2.1017891854616924	4.7300172224445935
2	-5.6530715772789515	-7.14923170130137
0	-1.0531559616446826	6.700207481200339
3	-5.519421438235949	-4.01577793318168
2	-6.461903166094034	-9.502403311587821
3	-5.698393881578739	-1.374130365865718
1	-9.520410107261217	-4.193418114115995
3	-5.772776799663871	-4.016422815715574
3	-7.1365305447117775	-2.615649790130607
3	-5.0049278445722845	-0.8280378071811056
0	-0.5905882837472569	4.446861299866001
0	-1.359389585992692	4.054240022349643
0	0.8687658008578785	4.1578550911277015
1	-9.31673357633905	-2.190739645946557
2	-6.944632037151729	-7.333208199097282
0	-0.8062786839928973	3.9934605591321293
2	-7.7242086346544445	-8.708785220081454
0	-2.1062591094256398	4.610867263764325
2	-7.88978670315611	-8.007840129173696
1	-10.318860483706397	-3.9202846416337445
1	-10.000459899381076	-2.6182072196445736
0	-0.5992323967917121	2.695322209218669
3	-6.623549316472141	-3.1944041753686387
3	-4.945883452580245	-4.223843660768089
2	-8.591768549281452	-6.921445917243503
0	-0.2798017143423024	5.008940770082772
1	-9.121512641002743	-3.8300930837904117
2	-7.790862239010194	-7.173803118664097
2	-8.50407654270181	-9.046838245963443
0	-1.8100642315989712	5.321989136905734
1	-8.427956993740908	-4.321180748729091
2	-8.099920353928493	-9.59197337771452
1	-10.106610970491143	-3.0157937044954584
2	-6.984475053267931	-7.585712706105259
3	-6.431444256525901	-1.3522288346838391
0	-2.1766543638687477	3.4094630411928986
2	-6.7701426687957955	-8.321890391368003
2	-7.3978762459377165	-9.388478100554396
0	-1.4785211615906486	5.513665319792224
2	-6.1090055362932585	-7.891826069083825
2	-8.498777911740738	-9.292418418699672
2	-7.17069545313435	-8.11236271809564
0	-2.406718199699357	6.098944469870908
1	-9.622477052550526	-3.975295311194477
1	-11.508789111563305	-4.8247706129581625
1	-9.450982237736675	-4.430730209595866
2	-8.220673834757028	-7.040879452037403
2	-6.789909614217235	-7.424763498053887
2	-7.546658557723465	-8.522340020580536
2	-7.733777683283392	-7.330931034305149
0	-1.198395805971502	3.230507197401846
0	-1.6158909127701304	4.180175626329556
2	-5.724610273328433	-9.789702115569305
0	-2.7544717516895614	4.575872301901829
1	-8.71791233202246	-4.405104488958293
0	-0.5257904636130821	3.3065986015291307
2	-8.02309499943002	-9.036249834990905
2	-8.040270729028881	-7.627133004956816
0	-1.7800244777370269	3.1733691333967347
2	-10.129023539762839	-8.037857791337778
0	-2.8554214162730016	6.912470154161834
0	-1.9274479855745354	4.9368453355813475
1	-8.505815142757843	-3.923337021191529
0	-1.8975018417007021	5.561777754931387
2	-6.366234206073328	-10.469845415042267
3	-6.328384439369841	-2.8289719111313283
3	-6.157552590334584	-3.5590587367049573
2	-7.627711228093323	-9.404727508164108
3	-7.820596619596815	-3.1525165138535582
1	-10.221287391108321	-5.024728427749905
3	-5.595120045201337	-2.9903780162921842
3	-6.087547708650482	-4.418815029044522
2	-7.523657159199793	-7.430405421223792
3	-7.9549167862111005	-1.4897346967271803
3	-4.476633223333154	-2.9013055483376404
1	-8.125409241377774	-3.185530418372342
2	-5.561320959547443	-9.520395829662885
3	-7.72327747128839	-2.632033726157419
1	-10.608175747095519	-5.009520683769013
3	-6.143148955206359	-1.9850706411088432
0	-2.039077421482399	3.3916861779844902
3	-5.440149867267162	-5.257963896110443
0	-2.0221719935257783	2.9213334175177073
0	-2.163533855090837	4.424445760493988
3	-6.982013530112512	-2.408277404285267
1	-10.63355920223681	-3.7018751028920027
2	-7.19784796551788	-6.831214320125383
3	-5.5415013220180525	-3.489437817510391
0	-0.27078050957825117	3.7451456256901428
1	-7.7818691678051835	-3.1268719902947697
1	-10.099093284853817	-4.285559226773624
1	-11.54937014284492	-2.5301713610374374
1	-9.043720273434753	-4.716491148445881
0	-1.2932278914084612	3.3619004869353697
2	-6.913956766682381	-7.5834768136193755
3	-7.486910753922213	-3.48753875873313
0	-2.44147158863532	3.9689808860145805
2	-7.00334821179478	-6.559542545102358
1	-10.174649060878473	-6.215963873708809
2	-7.1691161090685736	-6.288412761711055
0	-1.2235737096521098	3.719002475782987
3	-6.698477542887884	-1.1670472912222047
0	-1.8429601032685434	5.5074900715116435
1	-9.125133513921377	-3.643245951231504
3	-5.420744931852024	-2.4272296828311823
1	-10.346806200236333	-3.7143038417327596
0	-2.3308060367853387	4.39382526992426
3	-7.531073984580852	-1.852146692484764
0	-2.7325241846601642	4.9016484800434785
1	-7.825441987831644	-4.779002438293737
2	-8.152115854324999	-7.019614646345586
2	-6.524576667387521	-8.660485307311715
1	-11.060641266025453	-4.207981612828807
0	-2.034844856038634	3.7677594613889394
0	-1.2616794810666683	3.410478979754762
3	-6.577067607959265	-3.145126553526742
1	-10.246018336840025	-2.5508470210775642
1	-10.1340850134096	-5.32262895257653
1	-11.678386976424413	-5.765102262082343
2	-6.899797099877519	-7.920115468257357
3	-5.311095075593929	-4.651822493997912
3	-5.098224769806805	-4.084870186018836
0	-1.3473212169355198	4.213168228369158
2	-7.340363266622464	-7.014174809123628
2	-6.778551081188532	-8.7110620590299
2	-5.707315705694774	-8.243397421713478
0	-1.9764611024768657	5.0474757352266675
3	-5.8769297558454205	-3.3923307311112048
1	-8.49319063698843	-4.53177551989485
2	-5.728645465654231	-6.4950558503675
0	-2.1371407606052406	4.432489863028819
0	-3.2970094989568612	8.365092572881125
3	-7.9597498879326185	-3.8337719591656305
1	-10.53674508367314	-3.3092485594202694
1	-9.656023904780215	-4.078521211950234
2	-8.609742393598516	-7.674482973457099
1	-10.693740174949257	-2.0162169667388943
1	-8.913293940220221	-4.063445505681866
3	-6.90993895916248	-3.228096567590536
3	-5.143530901646346	-2.0387820208758325
0	-1.8818880485588787	4.205731799913164
2	-6.4138676780160955	-7.631383268176715
2	-7.0576216996718895	-6.445241923705242
2	-6.024729444402828	-8.244992297982106
2	-8.280107601788869	-8.704551249068727
0	-1.8546172468244206	5.211883293075343
3	-5.827620501683199	-3.7849133053836277
3	-5.4339347134140175	-2.6387596000917797
1	-10.403783404848589	-4.641756090531797
0	-1.8684541393232976	4.993113060025359
0	-2.1192775869865876	6.111973386598604
3	-6.4659793617711205	-2.9470964163807505
0	-0.5361477439265843	4.711756909087172
0	-1.0530115055352247	3.66920024108323
3	-5.748630504075889	-3.539068583991522
0	-1.9137397735558879	5.806333811324148
1	-9.823658037491374	-3.775402989401594
1	-10.94979657530192	-5.0897816486809
1	-9.223177980124122	-5.190513248294583
3	-8.128856034675415	-2.520051911588336
1	-11.100928849926188	-5.042899645826246
2	-7.563310084743218	-8.457971710435507
3	-6.217196978232575	-3.0835715171274143
0	-1.0473273828204666	5.151374405283813
1	-11.616030435263077	-2.0917834450857153
3	-7.617854458270773	-3.1821465410903667
2	-8.365355966583717	-7.652071713626443
2	-6.145434999239523	-8.46290758504376
2	-7.458024342217421	-7.116811094038242
0	-0.3498540002658661	3.251507233913797
2	-6.45222369695224	-9.315849539010069
1	-8.617832602582155	-4.110191157877973
3	-5.502339967880926	-2.8003095708736456
0	-0.9190034548522448	3.452789267035227
3	-5.2216296146016825	-3.0979705113903457
2	-6.970466776411535	-9.60991839865211
0	-0.44161900514717223	2.4658089044782683
2	-8.448560785225657	-9.020183323056193
3	-6.554891258783981	-3.875621371862204
0	-1.4729985149602352	4.816541516051418
3	-6.431831249770215	-2.422574314435172
1	-8.822467510945048	-2.833449543807066
1	-9.009201861433962	-2.911908912986062
0	-1.6958411945022218	3.574094521154472
0	-2.004547116103499	4.175650125707692
3	-6.575449209875974	-3.435744826456554
0	-1.881973934478428	5.876650212668902
3	-5.130981313335457	-3.598322245751117
2	-6.182083117551212	-6.653302941121958
1	-9.689508369816702	-2.837859173268397
0	-0.9162033624346573	2.8969171846191184
0	-2.7729960089215098	4.339079843896307
1	-8.40324787183088	-4.848790071313124
0	-1.7189278084970188	5.855479273001397
1	-8.597094617848411	-5.453525430857996
0	-1.3084430094375543	4.337719405764523
0	-1.0695204417876893	3.7271060858459273
1	-9.331122584624513	-5.489100756155096
2	-8.063991696539002	-7.107212983774352
0	-2.191793926846697	5.524623265560857
3	-6.938653165547691	-4.344811277571599
3	-7.786677577199637	-2.8750166549326224
0	-2.4995488205607668	2.1082839883053097
2	-4.916703940222488	-7.785008615590366
1	-10.258914423109614	-3.09008514842579
3	-5.674763533496638	-4.0989241043342775
3	-6.176965941906828	-1.983450173985025
0	0.2602323804795683	3.0147959927891277
2	-5.470744804024297	-7.855429066163075
3	-5.746537272931295	-3.456517433963029
3	-6.216602003921388	-2.1747124455088667
1	-8.085643757116005	-4.0836904796452105
2	-7.93904990452918	-8.684160068926257
3	-5.218927170263532	-4.207105296018597
0	-0.16367514006404393	5.081943678047374
3	-7.454620660934283	-2.0988283902435336
0	-0.997878829482537	5.392842049055226
0	-1.4190543538011573	3.407063367484982
1	-10.264642799302846	-3.2441913754901535
0	-1.5817387780358136	5.024870130841686
2	-7.9489877294595335	-9.455122935114652
1	-10.498422869246628	-4.976710748850052
2	-7.519810026279911	-6.166688906896898
2	-6.953352305117925	-9.424395827713447
3	-7.596309150798081	-2.4888834173639394
3	-7.019268577502835	-1.5052381674657698
3	-6.8821475784375945	-2.6706476676422914
1	-10.200406411360564	-3.807696730076717
2	-6.118995808833635	-9.045137759842754
3	-5.86056190657847	-3.8415004281839917
0	-1.7700069323658358	3.789127805130801
2	-6.5023404001328355	-6.474467705130013
1	-7.9589353640745415	-4.349641839205848
3	-7.572978998263624	-3.5104978011737766
0	-2.2552277868588098	4.097368550201299
0	-2.168532183771381	4.240003913957202
1	-9.811500805183497	-3.095062546480997
3	-5.345086567759995	-4.443975886254708
3	-8.055583691577903	-1.4586333240929341
3	-7.475304076380383	-2.5062649024904484
1	-10.695522403779831	-4.53167426438299
0	-0.46172906422726845	6.111084040215569
2	-7.649493020939173	-8.810824244433542
0	-0.1203528962934568	3.2577856392062157
0	-0.46064202604701254	4.591646286327105
2	-8.51363445732931	-8.194604979835072
3	-6.50235606672241	-2.309859630636607
1	-9.815971473823572	-3.8009743400443003
1	-10.775350861029048	-3.1690753802561202
2	-7.594943138022409	-7.855370176617359
0	-1.410760744560749	4.109848716472299
3	-5.256572613708043	-2.8758766723505036
2	-8.27925554713418	-8.496728130224385
3	-8.083100987933667	-4.813219126615933
2	-6.289676065064678	-8.571352026540842
1	-10.447058351205495	-2.868097226993261
1	-11.286842543128023	-3.8435656012508534
2	-7.506183827340371	-8.226375996587715
1	-9.579350587019503	-3.223905473582218
1	-9.094003070435145	-4.517512477908587
2	-7.134946299653803	-8.825970634928208
2	-6.818028912572067	-7.811839057548671
2	-6.644126983804663	-6.536433877100613
1	-10.55398047226937	-6.5539903564763
0	-2.767272408233072	4.388771550933019
3	-7.154059330883252	-3.727633195766163
0	-0.6930206557194623	5.1195389191464304
1	-9.48434756803992	-3.0888468438406433
3	-6.356708586845828	-4.252842023735189
3	-5.709621063349811	-2.0908082213818404
0	-1.9459448213436934	3.5356022191912
0	-1.888325734818682	6.019851243406277
2	-7.511508834109507	-8.35613660920773
0	-0.5126595295490366	4.356787289684486
1	-10.632799922800299	-4.8477191911720965
3	-5.631134069109344	-2.727907592605899
0	-0.7885901034162772	3.898032734567761
1	-9.19640489519567	-3.5575179962270567
0	-2.932118661194514	4.720037589306593
1	-11.095795649074132	-3.1947114843417563
2	-8.452062703618529	-8.236621377527419
2	-7.430718837639757	-7.3887259854272775
0	-2.018784001659258	4.911871771596079
3	-6.582189176398078	-3.117529564823478
2	-8.282728234416917	-8.09553601204635
2	-9.647116981310067	-7.629837819854554
2	-6.149506042350263	-7.246084237069427
2	-8.623476376474843	-9.002746881038854
1	-10.28884467444744	-3.3456332988909154
1	-9.394676593526402	-3.638916613610734
1	-10.960375068033096	-5.205305979770531
1	-9.811637986539749	-4.1414653807941715
3	-5.962282180134996	-1.714360774404265
0	-1.340520809891421	4.157119493365752
1	-11.261093444719549	-5.277597764543523
2	-7.530068530785298	-6.360905115271195
0	-1.0109162618578522	4.513833162666751
1	-8.677986591681176	-3.039397732484088
1	-9.358783184233292	-4.419008279797038
3	-7.488924984966602	-2.275523998414253
3	-9.146846022733849	-4.011604646307098
0	-0.675547669008279	3.8468084469246047
0	-1.587308006792635	5.41627720379072
1	-9.559471110635569	-4.3744454324290185
1	-8.820660247876459	-4.594456362561094
1	-10.407929322924767	-4.407015672086204
1	-9.78647884249306	-1.9056937102196465
0	-1.209342163910674	5.033926951596272
2	-5.810033430145776	-8.17433192402052
0	-1.2111792551668321	5.531813367507415
3	-6.6513848005313925	-2.7444646667923904
0	-1.265772174699201	4.178349178142705
2	-6.180734388542374	-7.690010881747454
3	-5.054573294169899	-3.2733852917303827
3	-5.6464540568406845	-2.551570971277795
3	-7.707000863837606	-3.1888942958370885
3	-6.966970677273846	-4.23536071451427
2	-8.402283773789446	-7.227935501127618
1	-9.516866390387932	-3.8440301834577695
0	-2.3599584108697744	4.203095419878603
0	-1.6421504976485148	3.284471140096273
2	-9.247307583166904	-8.053366656600497
3	-5.803439805226207	-2.8814902527122657
0	-2.9915115724657677	2.645801308444378
2	-6.380062726815781	-6.975773710733739
0	-1.5179193682827143	1.8901860078774124
2	-5.45888866209226	-8.391181520988573
2	-7.628504241842116	-8.357612918989684
3	-6.5231147662404245	-4.066632444396253
1	-10.18874167505271	-4.739469817603372
0	-0.49922133595474993	4.775982585218885
0	-0.6494327286137951	5.326507802090925
0	-4.357921647614567	3.193151743014457
3	-5.204070180304573	-4.465437028504468
3	-5.583074913077086	-3.8871322074039094
0	-2.1819163710842147	4.037233967014194
0	-0.9755585777665665	4.053079885976147
2	-6.137062330718157	-6.188948647368337
2	-7.435359038024748	-9.202281470867677
2	-7.185592650433752	-8.150319817465956
2	-6.787755683096586	-8.002947797550583
0	0.14402907553797784	3.9539648955591358
0	-2.1066884707345177	5.63099757364866
2	-8.86760423408227	-8.925118582887901
3	-5.706040976427704	-2.5397627514046768
1	-8.504489702999047	-4.881992822742557
0	-1.1689988621388807	3.0112068437778348
1	-9.009134419244502	-4.196174968837388
3	-5.399799715084629	-4.138154591309168
3	-6.132018099312472	-2.9859821022367194
1	-9.501207465294822	-3.877371256940483
1	-10.169153691130635	-3.766411501591209
2	-7.549184300324253	-7.24315346568841
2	-6.232063440136029	-7.536447541043401
1	-8.987138792355562	-3.7461186013517045
1	-10.223132586011179	-4.250435968587092
0	-2.4503598597236875	5.630212080803271
3	-4.128393591430416	-0.9523799737011274
0	-1.7288886026390025	4.298097801669622
1	-9.483300943086778	-3.970599412622922
2	-5.454678160667678	-7.530733173836165
2	-7.343563531317207	-8.775240258963306
1	-10.415210326387266	-3.821566246845681
1	-9.23367108360499	-2.2660933242080024
0	-1.5645637958793583	4.4872408574661815
3	-5.442463426968243	-3.8201186727267196
0	-0.8486082331449638	5.4509319635504205
2	-5.316520217503022	-7.676944288917061
3	-4.644643839024575	-3.553844051840201
3	-7.816575477904426	-4.113979802903135
0	-0.757969185355724	4.908984207745029
2	-5.543448138643241	-7.281979823734765
1	-9.77252306935345	-3.417677957993386
1	-12.495925217912763	-3.568989194288546
2	-5.874558950217058	-7.715309972443253
1	-9.643052017257181	-4.7494137968585335
0	-1.1300945815958103	4.544191078840548
0	-3.1236134795291113	4.251998675032633
3	-7.332405042513608	-2.321836991871416
0	-0.6194707527944243	3.4880498305431358
3	-6.93104277541362	-2.8092234991918317
1	-9.85883362911693	-5.157449897032907
2	-7.5280192454084105	-8.394891889294307
2	-7.549159704230665	-4.412979200919455
2	-6.390353964318337	-8.74387348339255
2	-7.611854096696655	-8.415481978228616
0	-1.2871030544370772	4.258000065783768
1	-10.15795061944279	-3.2310684237284883
1	-9.352559850524523	-2.6712067172738845
1	-9.781278239303834	-4.776792451556563
3	-6.838731046556388	-0.5596575668858215
3	-5.681802862100798	-2.503292713003126
1	-10.02007187567595	-5.353818524487605
0	-0.5509431479588445	3.703569465932993
3	-5.199680080609301	-1.8571161146023014
3	-6.21845204463416	-4.582059770134039
3	-6.4025487946841055	-3.820243618458584
3	-7.091357237623466	-5.28367810617532
2	-7.687538762113386	-8.303887718762423
2	-7.307905915351292	-8.674544535398068
0	-1.3414057062698301	4.3872582347455245
1	-9.033689871435683	-3.512392546682761
2	-8.815639768447898	-7.465961899440391
0	-0.7906737489426516	5.156901508708169
0	-1.3492876181647522	2.3122420526203493
0	-2.0784978036266426	3.9273049537157556
2	-6.3126123246336565	-7.4972129232055105
0	-1.8584973562324156	4.708449914249306
1	-9.912429521473955	-3.7400192779655503
2	-7.095683495719047	-6.574314199682487
0	-0.49248473994855546	4.366821168752679
0	-2.0034135815195953	4.450086725677409
0	-1.3415456095293508	3.5162183167349124
0	-1.3739725806942609	5.291631033113889
2	-5.902293636881705	-9.524081653412427
1	-10.877442305265326	-1.8001150781002524
1	-9.492658751361004	-4.220352726705119
3	-5.953722900532548	-3.670461071310082
2	-6.899500283694082	-6.908769042595115
1	-11.158155697522538	-2.43025183343522
2	-7.2096752981343375	-8.325453093461189
0	-0.23594547659953236	5.310489042846688
1	-8.364436294074064	-3.69460605305094
1	-9.788700223583065	-5.717756627993922
3	-5.976683490076986	-3.221422029510517
3	-5.626001079127837	-3.2074144659258237
0	-1.208436967213921	3.7115689676579224
1	-9.851180430888027	-3.701488844109701
1	-11.198868158906551	-4.252443514124349
3	-5.828121410147875	-1.4400376640651906
2	-6.388600673021864	-7.24114124647302
0	-2.8793043029275522	6.855858517904559
2	-7.5263951541823735	-8.593590035903997
2	-7.418991067217429	-8.00064661450255
1	-9.124038280986095	-3.0200952507772074
0	-1.7440679333531492	4.109127986069658
1	-8.916619510632009	-2.2289568274113174
0	-1.207943955393278	5.510664195146375
1	-10.09942161741425	-5.752647676914591
1	-8.609738694104136	-3.7271487905200478
3	-7.8338909349203725	-3.7589884282423163
3	-6.953143839440526	-2.5798403862867216
0	-1.1710417594110225	4.330918155822106
2	-6.07389601262399	-6.886361540225863
1	-9.706924557184395	-4.391403054850828
3	-6.365760508305684	-4.9915022611500115
0	-1.9386576274918097	6.029338954797162
3	-6.776251918740019	-3.207737928566433
3	-6.804471141271243	-3.3049611405556862
3	-5.9697669885884626	-1.9023876964914779
2	-5.5884681908130425	-10.256720886425871
3	-6.889901782834024	-4.698122826859759
3	-5.290301755274845	-2.282863311702613
1	-10.97987346168177	-4.400656709116582
3	-5.7379056093374174	-2.7828446749731564
3	-6.213116635964255	-3.7996007458892826
0	-3.5583719652678143	3.289379176404049
1	-10.446035610375684	-3.2606596357286906
0	-1.4168904648667249	4.608320047717165
0	-3.0082563527457618	5.709025405329342
1	-10.658155694413255	-4.770192973223395
0	-0.4511035773965566	5.522191671627648
3	-6.201379446554102	-2.672759295663305
2	-6.582284232133581	-9.258660457851773
1	-9.101791022482148	-5.060127417244658
0	-0.10075436532866022	4.515892565268589
0	-1.1622908073025424	4.643822568182758
0	-2.468407102420648	4.963929321701195
1	-11.135016914927213	-4.756421213516682
1	-9.247337692160604	-4.03594378632488
2	-5.667608925147774	-8.448363430608556
0	-3.0861153264690513	6.174449817154188
3	-7.71506088859428	-4.4605368154565825
0	-1.9741237678658068	3.0614798485747863
3	-6.238083443871006	-4.330665398046914
0	-2.7768702545837973	4.640905566660254
1	-9.476900304775363	-3.894976663400208
2	-5.145713424864207	-7.67533354858571
2	-7.2974850677387355	-7.350291437507583
2	-6.81508970970884	-9.310744942348606
1	-12.023918919486961	-3.952293777421378
2	-7.666952806012996	-8.406848494218023
1	-10.33935575495181	-4.525374434576299
0	-3.7363619278720734	5.353991036188837
2	-7.16106987689675	-8.094485674012963
2	-7.540532260914976	-8.722392660369586
3	-5.799035392910249	-2.714842086339102
1	-8.296477538310025	-3.8057461113763975
3	-7.077447491608982	-1.8058530043017673
1	-9.808513751828002	-2.729412538446307
0	-1.3056894790656792	4.219534852310412
2	-7.27468656064492	-7.637111220157399
1	-8.167806265605945	-5.378504719625584
3	-5.050353132249787	-2.95175419550661
3	-6.848856133422578	-2.7803881970683584
0	-0.0024352679055938964	5.824163881842522
0	-0.7587039566841077	3.7227620096688283
0	-0.8743329863138314	3.741622101875948
1	-10.833761983705486	-3.8457536091946896
0	-2.6116220066547786	3.8883443164444067
1	-11.747117925382323	-2.6274258638747225
3	-7.2422937850908	-3.954513956944136
2	-7.329021126546107	-8.913890270125272
1	-10.857083820570978	-2.923346058796494
3	-3.036452575694206	-4.143160495049765
1	-9.697458827332913	-4.38294422126353
1	-10.185338852764328	-4.10228977650768
1	-8.62438004852699	-4.480768004330206
0	-2.7786753045082477	6.362568772546803
1	-9.282175718596383	-2.32244229328283
1	-10.900544246156883	-3.371839264121749
3	-5.978922119936185	-2.2544291168836574
2	-7.067974421615295	-9.251100813855365
0	-2.2218653369676096	6.361367943852196
0	-2.740270598394026	5.131963873324697
0	-1.642395179574431	3.9773475906080678
3	-7.1037510898914435	-3.5460131396056216
1	-7.837256776793824	-1.9543565334660962
0	-0.6410074311806375	5.637048068797887
2	-7.2633825030584385	-8.233835098950287
2	-7.156557383291793	-8.222153124120826
3	-5.583159757738133	-3.1811227322392064
3	-4.82307599934089	-3.196795327832962
0	-1.960536059903858	5.2139457858484315
2	-6.768512511877812	-8.153220592402798
3	-6.2150735970103055	-3.1410094472960237
1	-8.706719132024613	-3.8735089361069184
2	-7.89632726400826	-9.472319334632514
0	-2.8896180416154813	4.957027364819377
3	-6.4236321805367735	-2.900359882279476
2	-7.146584452067071	-10.149973643542092
0	-0.794152276623841	2.104951171962879
3	-7.526006351918715	-4.257725052572294
3	-6.172733358083746	-1.90448174258665
1	-10.415583121435008	-4.850228133779322
3	-6.1351402042120915	-3.9551307109105416
2	-9.229809753063941	-6.241398592582828
0	-1.2739576136041943	5.124780604597504
1	-12.789156541574934	-1.9477869714752236
3	-6.181383094738495	-1.5339569325496467
2	-6.515887058469513	-10.059460950311125
2	-6.338202217622257	-8.5251880454628
1	-10.688981460415263	-2.8107846273579833
2	-5.983396263147535	-7.152442178849582
3	-4.609025678170847	-1.084408855357455
2	-7.948653502231082	-7.854393085555609
2	-7.368233298434807	-9.587441821613153
3	-6.2523438082241425	-3.959822928666517
1	-10.696283165702955	-6.28238966979021
3	-6.574316106290962	-2.225683849375263
1	-7.883888744533658	-3.628795031434131
3	-6.060013790314628	-1.5068056440134858
3	-8.823512492652391	-1.6204449875174223
3	-4.73336626699276	-3.3327699707996707
2	-7.6527802861591345	-7.947539063906233
3	-5.91094883562369	-3.507870562809496
0	-1.0377564016429472	3.806685337772314
0	-1.643032338642904	4.583677589119122
0	-1.0049797533618192	4.355301421235497
2	-7.646505033922817	-9.3096036969182
2	-7.327349885726013	-8.77576555823307
2	-7.959019151821132	-7.218036562831243
3	-7.6714559662422825	-2.544059628676421
2	-6.7468653227082775	-6.90311587840533
3	-8.079442657880623	-3.0661843302652465
1	-9.658224698084114	-3.6604174216826335
3	-5.61737635871523	-3.671002723452532
1	-10.394838186509244	-3.067258627156213
0	-3.31028117177262	3.515934284680113
2	-7.326663879619054	-8.985941617408832
2	-6.722108772636891	-8.031249915683397
1	-8.90440587063577	-4.699572822776494
0	-2.6987422279834226	5.13951310056224
0	-1.1389835688751488	3.262148479220019
3	-6.433503694093777	-2.1975726355258405
1	-11.374595544658973	-4.3699076072371055
3	-4.485610346991999	-3.2768007045590544
1	-10.249564700903184	-5.279838195139993
2	-6.270951774514925	-7.545861952006352
0	-2.22870855946049	3.344693107532313
2	-8.04981068925234	-7.905774235677327
3	-6.727320581551541	-3.4997423066360884
3	-6.087977641963998	-2.145969034104125
2	-6.415137493032289	-8.501383920250158
0	-0.2081306453575842	3.788453021161583
3	-6.701103342759945	-1.574963052061319
0	-3.5175417703952716	5.642653899295982
1	-10.227826567104369	-4.444362980062315
2	-6.016651624296317	-6.7609507643652345
0	-1.9856212117086558	4.375578451239026
1	-10.959076306214556	-5.380364176074831
2	-5.265670372715244	-8.388639062660761
1	-10.96472487466131	-2.7356322914878515
2	-6.248893029845573	-8.306875429565471
3	-7.991490343606616	-3.745868819228077
2	-6.3752893667398824	-8.401025610731578
0	-3.1209635106706255	3.8901419601971394
0	-1.4612601858217498	4.525498514650621
2	-9.153229225342114	-6.994846309625602
1	-10.073763469808132	-4.28021462607875
1	-9.182112143942224	-4.2353544497741655
3	-6.450579032204921	-3.6470239996891602
2	-5.71728260402881	-6.135837724404237
3	-5.775353908307775	-1.6999429591608153
2	-7.781526209626097	-8.861883098852372
0	-4.323685845210658	3.980061251209639
0	-2.1156774610972047	3.4265996171813606
1	-11.178775401390899	-3.2152948620039012
3	-7.205464424625365	-3.272239935134477
3	-6.477173547584231	-3.481341951939316
1	-10.2986432198525	-3.702038915276927
2	-7.225317391733766	-9.5146821447724
1	-9.16781812622199	-3.1255571190709732
3	-5.164457895828708	-1.8140270785551997
2	-8.2061905055144	-8.468831314025774
1	-9.145922866137786	-2.3187460459937896
3	-6.930277406419619	-2.205343280418751
2	-6.124663278539247	-9.564521571462937
2	-7.977692280408499	-7.018086718837506
0	-0.5279305184970926	5.92630668526536
1	-12.148755658857059	-3.8170475419929324
2	-6.395289487746035	-7.80009485014873
1	-9.436074407129697	-2.4385981648809536
1	-10.92079046073743	-4.083543755564881
2	-8.595302918763021	-8.947930756382952
3	-6.793248915539751	-2.035002152677749
2	-6.574120802156146	-7.659578867480533
1	-10.41743037356594	-5.179418508602921
3	-4.497062175988443	-1.3256271755894724
2	-5.987362201457145	-8.181273523546366
3	-7.079231937111926	-1.9051276757024485
0	-1.7955372320491088	3.609220083350032
1	-9.370535468261576	-3.790540297056413
1	-9.108673146950999	-2.1285297607732176
1	-11.431743232605186	-3.3264422413929084
3	-8.325671897975678	-2.87687688245776
0	-3.198353151693163	3.9585946841270427
0	-1.6982554152145706	2.7907175141398666
2	-7.8897097776140575	-7.628377159373974
0	-0.6261091026842822	4.2602165942318075
1	-11.11002679385951	-3.2222031778046416
1	-10.383700597181846	-5.697720921917097
1	-9.04102301402104	-4.034918567014905
0	-0.04261030709121938	4.909230750843066
0	-1.322338967640061	5.4145553019189245
3	-6.117679444021522	-3.4740883737019312
3	-7.928465661847039	-4.119231439929231
2	-8.698369142314998	-7.9698683414884055
3	-6.643899078393245	-3.012444821485815
2	-5.777755250454622	-9.679655803997608
0	-3.9368579026088852	4.336865329388033
3	-4.187582030024885	-3.5780208478782867
1	-9.986275932497685	-2.522415749520568
2	-9.421747091428568	-9.053015597714914
0	-3.6967611316293145	2.463900687366706
2	-5.567886935996466	-7.984290436767773
3	-5.668194128724119	-2.7070629259713668
2	-9.080380192650932	-7.789133858010307
1	-10.813259854857847	-4.683275159650844
0	-3.80400395267697	4.0369274435057285
0	-3.802026635025888	3.5763210048204535
3	-5.987362204836781	-3.850970287101433
2	-7.232700280228286	-7.565778553197451
0	-3.6046068645605587	3.4910655006114553
1	-8.740975032771768	-3.2142547111205815
3	-5.381115285530745	-3.397858331848587
3	-6.333648517348839	-3.8626014607645422
0	-0.03190915279961315	4.744501565417638
2	-6.67865830075895	-7.543082067973578
3	-7.1332446535560825	-4.126955768772351
3	-6.415166767318254	-2.9471437863082324
1	-9.578117266103542	-4.044427282290385
3	-6.347616695868482	-4.432214930761145
3	-7.235142172729224	-3.9326987248863405
3	-6.461048216057792	-4.842192372182797
3	-5.896431318933257	-3.231780782516436
1	-9.870397868081012	-4.024298222264063
0	-1.5988097101490129	4.617614623850878
1	-10.632117213953947	-4.4784519413021435
1	-10.63030264604267	-4.163195495890124
1	-9.634134617662657	-4.819551228064147
2	-6.711766526587624	-8.654204978240077
1	-8.43902424913072	-1.5836183582983008
0	-2.2607167065979032	4.962563378920547
2	-6.990631501554351	-9.206455078130055
0	-1.7695513961121263	4.415038814279186
1	-9.68839470144844	-1.0360397844900966
1	-10.310315517318173	-3.852145460864885
3	-5.30443206797736	-3.4767024796650787
1	-9.709095787976295	-3.8950411646191205
3	-4.365267080894004	-1.5340959844565447
3	-5.660242077827498	-5.675695425187946
1	-10.96136908855414	-3.5800875737127598
1	-8.840757619055076	-3.412815386118593
2	-7.298323232488945	-8.065108400162059
3	-7.64158547365108	-3.950501376059239
0	-1.0507762470404107	2.525079001677102
1	-10.583234250430815	-2.4652069805901284
0	-2.489570891516193	3.3869700194374452
1	-11.034368371214905	-3.40812095637836
0	-0.19745196890354544	2.3463491593455075
2	-5.570113001129101	-8.250513949925653
1	-9.067514298112714	-3.547569560734655
2	-6.5927462677565725	-8.789963128814668
3	-5.9849363709537595	-3.3989823594724986
1	-9.634364585078837	-4.933068738808184
1	-9.735837024712762	-4.540377552518009
2	-5.950929441776932	-9.031079647152895
1	-10.006914047896501	-3.286737861957094
0	-2.8197300109307957	5.756596687524888
0	-1.6955500876757108	5.443528850617069
0	-1.242257900973657	5.191260519858751
3	-6.373614608582422	-3.3589344267035237
0	-0.027868392317722313	5.267381109861591
0	-1.2560682641577197	5.0000683920802285
0	-3.238716191342985	3.577861889986756
3	-7.956494948215436	-3.758620810116496
1	-10.614458928714267	-3.9666527686707016
0	-2.1577734695795976	4.095504890540311
3	-7.872106268805709	-0.864964643754504
1	-11.1231652499033	-4.295919489675583
1	-8.838701864790146	-5.1091488188507395
1	-10.377401459103348	-4.324380065258012
1	-11.571785928786834	-3.8527551296834788
3	-4.8817800188745215	-3.865594851070073
1	-11.221592154228347	-3.3950843287955674
1	-9.848342545538214	-3.3712611598798623
1	-9.50849330989661	-5.070180804599454
2	-7.525864556733048	-6.984889938273634
1	-8.365776654998074	-4.3551373811950915
3	-6.559114980849301	-2.563375222431606
2	-6.2876733885465175	-8.942368911440113
1	-9.58683956565403	-3.7619846322242845
1	-9.428587907828323	-3.7560325556154144
0	-3.058372724614996	4.488257687648778
0	-2.459107396640279	4.114895273342329
1	-9.329832942288766	-3.9836453268020167
2	-7.969170822401262	-6.524989396606244
2	-5.76368029187149	-8.157331168839312
1	-10.644203530437096	-5.40234009588525
0	-1.0410207751622265	3.9633179381425236
0	-0.12302357792742091	4.406114860084806
2	-6.272441415094024	-9.420335405126247
2	-6.5636073346169	-8.939630875319407
2	-7.631657833460392	-8.833171905400498
0	-1.2336397294457035	4.455570265984792
0	-2.656579701478202	4.299695882063936
0	-0.981752334828708	3.2999168014512765
3	-5.158496629741931	-2.413545056016721
1	-9.809159188372938	-3.9065171893657635
2	-7.144622427197531	-9.673974321256948
1	-10.068109584227779	-4.560812649295967
1	-8.918655448702372	-4.6401801731415935
1	-10.55958884992196	-3.6323774640944393
0	-2.2849019074145076	3.812646801588652
1	-8.957674049118621	-3.3800830988381647
0	-2.4273636519730797	4.041951819136524
1	-9.812037149894216	-3.316323228568346
1	-10.42839313072705	-4.551317089863443
3	-5.879042646435411	-1.085513701665327
0	-1.2245615816856783	5.316913471846245
3	-6.2114505399284505	-3.876332004034937
0	-2.511015562479346	5.407371292523463
2	-6.047886497985169	-8.040117522750016
3	-6.802757695216284	-5.160049808493071
3	-7.91941458200744	-3.8854478754729507
2	-8.474853321629702	-8.122702816732923
1	-10.456014541657856	-5.506054422134955
1	-11.109530594428623	-5.139900248308213
0	0.39506419656959624	4.45989940564151
0	-1.0749132954710934	4.730764112291583
3	-6.684227034361555	-4.406367497347118
3	-5.940761365160475	-2.8957264918984564
2	-7.190136422559089	-8.566222442716674
2	-6.9830319750604035	-7.658465856030039
3	-5.29044404929123	-2.023194838577475
1	-8.99361939905161	-3.0803427100476735
2	-6.0880789280956025	-7.300394679711245
1	-11.028510531411886	-4.225287347047755
2	-6.961074502569067	-8.003540575851327
3	-6.501471131525332	-3.8189982818079242
1	-11.320155474995351	-3.3504855450758604
0	-1.7519922244901056	4.168614603386329
3	-6.042562291201493	-2.867436876182257
1	-10.442707506369018	-5.169619569945343
1	-11.542108285039799	-5.499909587331862
0	0.730586056384992	4.651912718032281
0	-0.7340586912461339	3.949502011249624
0	-2.217054627734563	5.3456586130396495
1	-9.348738897633051	-4.53919229473682
1	-10.25256545089699	-4.094259299753363
3	-7.067536388603425	-1.9581802817756473
2	-6.531514727230781	-8.334933300110325
0	-1.499522836500689	5.282658789959386
3	-8.077900171310795	-3.7297998304736932
2	-9.56377645836848	-8.68462364606027
1	-7.863160944740438	-3.9803129366462344
3	-5.801504198965404	-3.7638681229733737
1	-9.697887301877811	-5.809989969587271
3	-6.937643617884116	-2.67481892364923
1	-9.526178235565817	-2.6329306346313848
1	-9.922836405764434	-5.740283951142986
0	-1.3768841937000993	3.580392436995841
0	-2.4139578469451726	5.659358024076449
0	-0.03864762032677205	3.6003050514609374
0	-1.6246163165847796	5.860407450451979
3	-3.532640560764314	-3.5990034217542446
0	-0.9869401578270406	6.835366838366141
3	-5.443800499828987	-2.5976581717500826
1	-10.618964274083346	-2.9027338984959323
1	-9.420100167881388	-3.6731193916475378
2	-4.975141266608249	-7.675891444933838
3	-5.700438126741308	-3.1024290511463755
1	-9.345532867838074	-4.184833377734034
0	-0.20303251947574252	4.723127104547119
3	-6.878350939841042	-2.335212993638779
2	-7.21606800553833	-7.141532158857154
3	-7.113911670705134	-1.8089288624557343
1	-10.163732373347766	-2.784422173035333
3	-6.9346351450519155	-4.412708067538607
3	-6.763880148390239	-2.5100807859417156
3	-6.3854413439455255	-5.660376931040169
3	-6.804526362768634	-2.4558679754012855
2	-7.756190722040299	-7.900038556506685
1	-9.983264088635314	-5.432928581979317
2	-7.0531266764645215	-6.945128643483496
3	-5.1518210162419615	-2.7646723967629803
2	-7.0654951887327	-7.746468378873881
3	-5.7106238703537135	-3.856694528353727
2	-6.434240511132246	-6.995041251883526
1	-9.564352151548611	-4.183304570009092
0	-1.9412961750141324	6.462845392041455
2	-6.589704790888577	-7.899453297113042
0	0.10068932050057366	4.345837377068352
0	-0.8452167767995942	5.186959798601536
3	-6.315323175577091	-3.6313228260448844
3	-7.153174845336757	-3.247310560026787
1	-10.224965013013446	-4.680824657083006
3	-6.772559421208325	-4.113085871520261
3	-6.866868380888198	-3.0391260892029357
2	-5.902424796700741	-8.61752220696872
0	-2.060438097737446	5.230495487293569
2	-6.548995464701822	-8.913832861537268
2	-7.728327157680409	-8.782027531094107
3	-4.882429253104556	-4.019099057246191
3	-5.894940489035409	-4.37633373652603
3	-5.948820884577288	-2.2836411848340585
2	-5.8099953122320755	-7.91211898757689
0	-1.0005101098483093	2.779051528226904
3	-6.253296088354844	-5.799179199606545
3	-7.069638819120389	-3.2146885100900953
1	-8.460332695922103	-2.3775651015010406
1	-10.793339116442226	-4.663401096356257
2	-5.467245220812025	-7.579574760370081
3	-6.45139589691521	-3.600853041559672
0	-1.705426592018287	4.187756409875452
3	-4.633746573723789	-4.487710445792118
1	-12.158340507952769	-3.5466928980146664
0	-2.252021191101789	2.1015819310730235
1	-11.30568384731679	-2.480952240634636
2	-7.1834239337669175	-7.291631867282326
0	-1.6614513887865232	3.0098694442477294
0	-0.5605635732013403	3.5048553783671634
2	-7.098611704658389	-8.23752237172967
3	-5.383471958614823	-2.976348103318901
1	-10.118601814139438	-4.2139091379855556
2	-7.092116994218234	-9.198367079416855
3	-7.66992464872437	-2.7187306733852123
1	-10.620992497364618	-4.4737095744999
0	-2.4897318012636336	3.5259122689989906
1	-9.411093985052258	-2.7781698598058497
3	-5.920753268122206	-2.8079751638069537
2	-5.936503641421278	-9.376578676216777
0	-0.6746082342293086	5.477742296689052
3	-7.419965883054253	-2.1976642684611263
1	-9.832501917123848	-2.977052249281937
3	-7.0738316385223765	-0.49253186686063977
0	-1.4598003507558919	5.339211282531253
2	-9.068823951482836	-8.283009814879183
1	-10.57107323291023	-4.070596224492763
2	-7.149204716353728	-9.130628814646844
0	-1.1486221314564302	6.117151707514297
0	-2.4820270948527714	5.128201160955854
2	-7.5858102288440215	-9.01238850279209
2	-6.158115806329241	-8.004671555340119
2	-6.293546891410864	-7.169589462408326
0	-3.611665193193752	3.004160723390025
1	-7.762990766027215	-3.9065023425049032
3	-6.230570435082211	-4.179736588562336
0	-1.911234113579944	4.789205042567525
0	0.00024227116135100424	5.148534029420497
1	-8.185535412058085	-4.47083836982518
1	-8.309328720658096	-3.716024183400011
3	-7.7359152608944015	-3.477759040915731
2	-7.321477042068167	-6.9885569423251095
2	-8.676736824565529	-7.430661657473017
3	-5.22329505506105	-3.4549087192411867
1	-10.110011587040441	-3.1492256963427314
3	-5.164391542538643	-2.764736073231962
0	-1.498994914206008	4.2863398932144126
2	-7.815913130836086	-8.512195398681092
1	-9.191799196314511	-4.17290071445737
1	-9.976540675064953	-3.5246898077293185
3	-6.913396446092437	-1.5383034834516818
0	-3.745950471405046	4.768291509414208
3	-6.282382857189009	-2.7558982032434347
3	-5.726637872931324	-4.204069068971461
0	-0.8068558442232332	4.4418499658979185
3	-7.474191572287898	-3.8873007760750715
0	-2.074406807236755	4.8584359061643845
2	-6.4706106343216	-7.937368432263439
3	-6.380824646275004	-2.3876525319614994
0	-2.3609043322056964	3.8692668449678234
0	-2.4152226710504845	6.257927763416671
0	-1.5173085334222018	4.9199953488317085
0	-2.930020682333999	4.689485402654163
0	-2.705094153325414	4.761774375849391
0	-3.007324847202183	5.87722972553453
3	-7.320304852623837	-2.850901780747677
3	-7.0109195618011775	-3.446526285983512
0	-2.8588279382837056	5.2698351863871835
2	-8.320482721697607	-7.106566719666246
2	-6.4989089782251455	-8.841387411850002
3	-6.675303136670437	-3.376663586423328
3	-6.8908382321034995	-3.247903492154841
2	-8.599582243869857	-9.004490303634572
3	-5.026338489459384	-3.2162670700609746
2	-7.069158438328503	-7.454881812009653
2	-8.207078484569303	-7.467811656938464
1	-9.919020453812415	-5.146717237726132
2	-8.602417024873217	-7.376408820293252
0	-0.693339043370178	5.132406721363982
3	-3.7967903296627443	-4.867480186924798
1	-10.29686577451395	-3.6678571112013816
1	-10.986676960744639	-4.903212406850864
2	-6.687052392359778	-6.922928759807608
1	-10.83928184162959	-7.106705997554253
3	-5.985917366367628	-2.2061876965938465
2	-6.828892202625541	-7.070415033052931
3	-5.575360105845295	-3.8240359191673514
1	-8.552267195640205	-6.574360183171203
1	-11.801656128969004	-3.683649700553434
0	-0.27324564170220067	4.954619453531355
2	-7.440967962910627	-8.088572411254374
3	-4.801221840270896	-3.3911708614041984
2	-6.486471646924937	-9.049358540870529
1	-10.963667711885591	-3.6346560045827396
2	-7.665332725213544	-9.065814871753592
3	-5.886131685504264	-3.0053957904863657
2	-7.254110881701471	-8.396116490510362
1	-9.490460919113728	-4.069915971419951
0	-2.5208762667245614	5.081201394531134
1	-11.406921780125293	-2.8226231928340737
3	-5.917264009873542	-2.1528105511747224
0	-1.8863200981181034	2.841982015031965
1	-9.279496121091247	-4.699522258020552
3	-5.687452726667341	-2.286258778376942
3	-6.372771422988624	-0.7105458383704941
0	-1.8461388994599859	4.349665387957314
2	-7.9421290449693505	-8.197388904464217
3	-7.491620705557295	-3.2576886014085336
2	-7.3001945534125205	-7.098359652452555
2	-8.105845030981527	-10.18539542836372
0	-2.536841424866708	3.5387026459702358
2	-7.046564918786333	-8.276623614623011
0	-0.7050642394008321	4.5022366399532965
2	-4.980759335966838	-7.772484651314157
3	-5.95717387213201	-3.7492816368327784
1	-12.168423562730172	-4.568840186788959
1	-7.847358696060207	-3.0114823721210793
1	-10.027648380488351	-4.66228526100378
0	0.1751577207011672	4.970872724337475
3	-5.830806540202797	-2.0601178931049717
3	-4.715450173258432	-1.6581957598053205
1	-10.445185776382738	-3.764765634985498
1	-10.699361035817065	-4.360718232537589
2	-7.540137457022361	-8.459862485326648
0	-1.1652182549661407	2.912296103568477
0	-1.1581303160551895	3.927875794981977
3	-8.15399580765948	-2.5133266135608654
3	-6.45771155055121	-1.8953299311093028
3	-8.318344898261724	-1.1458315655805966
0	-1.3748117950994616	4.6689573143064305
1	-9.10392839827206	-3.0040804611298237
1	-9.570788174827417	-4.311937345028509
1	-9.407218637452797	-2.875971979736823
2	-8.158186092426739	-7.928777369930274
1	-10.887043417627616	-3.8320935936596263
2	-6.398638384371642	-8.941558373146533
2	-7.42071448742653	-5.258841912997136
0	0.24509880239246162	5.517546567403667
3	-5.106507684884302	-3.8048479966392756
3	-6.117719489406683	-4.516108443267381
0	-2.385157025082947	3.538721191219571
2	-6.48364391193683	-9.343879338184921
0	0.15097500817693676	3.100762946285424
3	-7.7716225168370565	-2.2875920061831327
2	-8.630657028571582	-8.361107942426619
3	-5.535680337478309	-3.1967780935362335
0	-1.4843921767304509	4.353006176108005
1	-10.929394065812739	-5.021050890257559
3	-6.591807225110585	-3.2525209201125227
2	-6.304630436634335	-8.950292003570873
2	-6.279819705508963	-9.194980909509608
1	-9.694122744584325	-4.754135586929971
1	-9.81407892939498	-4.039775421205013
0	-0.8235551865142507	5.949848979647645
3	-7.1482848811980775	-2.1841659354264493
0	-1.7755450914209159	4.231030900181409
1	-10.743356553323336	-3.9052978406967407
1	-9.069422288728035	-3.8699597101272953
3	-6.93854777753073	-2.609048539963163
2	-6.028639407897039	-9.30894405873993
1	-9.678740677932641	-3.688480921577434
2	-5.860888604574779	-7.892428039038232
2	-7.834265808086899	-8.407538820345504
0	-1.8127960677156112	1.9739813561960484
3	-5.9866240102246095	-2.302602984907347
3	-7.004760977837318	-4.680001841350844
2	-6.8224714312315395	-7.839266361668674
0	-0.7737341069826124	4.596351518226257
2	-8.61866479365489	-8.836075949075784
3	-6.419015399336446	-2.2964077733297614
0	-2.3302221922375503	4.784053655164081
2	-6.310519113833633	-8.731982037953602
1	-7.613307365185225	-4.027845962736392
3	-7.114445467869157	-2.75165121676019
2	-6.53259400393622	-8.47081743245417
3	-5.739086008086685	-3.337637280849863
2	-8.910878735802376	-7.2568211622748775
3	-6.661846439202363	-5.161633550906915
2	-6.52562836093061	-9.357705541198943
0	-1.4504632293729984	5.96150586317625
3	-6.97733631383782	-3.7567239756084922
2	-7.399936241294307	-7.772555926985929
2	-7.287101659335744	-7.244888414454795
0	-1.7817139210602029	3.725638294825844
1	-10.618919842444177	-4.269587874995425
2	-5.980930205458028	-8.166323515969218
3	-6.413677137885079	-0.43664577969493434
3	-4.39406501782247	-0.7875016972601943
3	-6.240321289354138	-3.4242660417339974
2	-7.438358639046318	-9.474334678279915
1	-8.667206388458245	-3.9634383157197326
1	-10.841623991590904	-5.126758453695299
1	-11.311913536179924	-4.195150412686077
1	-8.603631461152672	-4.542128154531725
0	-1.9819771099620271	4.022435514174746
3	-7.743114432391416	-2.0981542020080743
2	-7.300467835604473	-9.044485743535905
2	-6.364782665927374	-9.20383746380212
0	-1.2094043931813405	6.171824969362233
3	-6.47698341292815	-2.392703089657352
0	-1.044833630121071	4.057505677927609
3	-6.394604809653517	-4.011012053769075
3	-6.118623183158277	-4.6884245533325535
2	-7.038750204127123	-7.624016800359906
1	-9.537930803442917	-4.159679459408085
1	-10.845165041502813	-3.1684438999758315
3	-4.683951428718981	-3.8544663535980144
0	-0.8062777201247864	4.266778138402089
1	-9.314356249073832	-3.3447684972355085
0	-1.51279464256163	4.978294747708151
3	-6.85036465576957	-1.5114940572736861
3	-6.107616657530832	-3.1409853289933354
3	-6.060978045198618	-1.2988095295993343
3	-6.1077899635288295	-2.6544623832761407
2	-7.414663845689034	-7.88470093620567
2	-6.006753449341333	-8.17428749070788
0	-1.1169146113822035	2.4483207832441507
2	-6.7877433520819626	-6.925319406448762
2	-6.312120718350889	-8.368879370833135
2	-5.468678704348724	-8.498202225028312
1	-11.070237805644059	-3.6633071830077
1	-9.350337387801694	-2.5665229534221607
0	-2.082416867339295	4.492954275367449
2	-6.998489483812048	-7.612625872533006
0	-0.4981199242741259	4.3789604825751836
2	-6.804054906468468	-7.8937403980576235
2	-6.933789983982767	-7.804144420409391
0	-2.8964132824899167	5.282328796492461
3	-4.283280522480684	-1.7891562762650948
2	-6.130486809675888	-9.236205710335849
1	-9.965097020496424	-5.23098488244444
2	-8.841055625799685	-7.242145670290029
0	-1.230033765926555	3.7994914706431153
3	-6.853985873734659	-4.229273460084364
2	-7.984656154182213	-6.458768084826107
2	-5.07267744798028	-8.012340801512874
0	-1.8277587456932356	4.232309524535171
3	-5.787655748998215	-2.2000953193538475
1	-11.087247508754578	-3.414210325292644
2	-5.324207119622221	-7.606659001963667
0	-1.8461296778558682	4.304743996314016
3	-6.36681687216158	-3.7393407470620037
2	-6.985160221907463	-9.14996787592949
2	-6.97659987299245	-8.644826731500599
3	-5.300566140820207	-3.278575426447777
2	-7.903559591432274	-9.362328563265564
1	-9.721609749729826	-4.20036503824894
0	0.08525185826796045	3.6452829679480585
2	-7.228065760019156	-7.8779792345082535
1	-11.162930505683137	-4.378767572168165
0	-0.8133992583634861	3.546973928011175
0	-1.5032960556784363	4.2162688437583
3	-4.914418977291716	-2.7024105520824717
0	-0.4982742126067121	5.476455407793295
2	-7.141989140525145	-7.94540283731105
0	-1.9485572489583354	4.014673629035113
2	-6.306622751508539	-7.749504027546429
1	-9.002008562242597	-4.581811100117996
2	-8.17625511596556	-5.8515936018431915
3	-4.979544758865254	-3.385400993932927
3	-6.528415093278856	-3.546448126821137
3	-6.2194984189475235	-2.6829683422259323
2	-8.841205523424932	-8.955175187825706
3	-5.978181655979097	-1.232814532054887
2	-7.171675820127124	-8.87843195028781
2	-8.458439150630067	-9.027768625313538
3	-4.5923176562941155	-2.8865982884089085
1	-9.697661244703763	-4.516821457936691
2	-7.659558441377318	-9.404618861493054
3	-5.1800640158513875	-2.2786178563775144
3	-5.494946368360166	-1.4210072264801525
2	-6.666810395776985	-8.94866703936603
0	-1.3939175034342344	4.146023809977781
3	-7.347460877366739	-2.4753291497832173
0	-1.5394009534668904	5.023692978550581
1	-8.349161413657495	-2.4945753365969328
1	-10.62416904998315	-5.271871058767752
2	-7.010845227313264	-8.966699909520262
2	-7.053564176532767	-6.462218086305782
1	-8.988622240980952	-3.8413758598666763
0	-4.073062907122307	2.628923493037174
1	-8.161842958113173	-3.766059853223548
2	-7.715226513928087	-8.078709862093934
1	-9.240384379356039	-4.026240792575081
0	-1.691377078647311	4.518977611257357
3	-7.048016280636115	-2.3382629804551307
2	-6.974501937212668	-7.877919825077845
2	-6.483142894688187	-8.729834991244923
1	-10.37683211445394	-2.155429180975093
2	-7.0990929837503485	-8.43472742517473
1	-12.196770494621902	-3.023191549971505
2	-6.970709025811156	-9.202588426250761
3	-8.350459701917096	-4.328133496012424
0	-0.6538732256373032	4.760057084845791
0	-0.979490066070415	4.08668826994449
2	-6.628700667756874	-6.944785500442517
2	-7.423902790877245	-10.63812351317901
0	-0.4396855269178981	3.2726978334495835
0	-2.7086276511171357	4.7231487639998155
3	-5.3914133389208265	-3.876550549158262
2	-6.2977690872129175	-9.84657681269615
1	-8.820642283432857	-2.313291179714133
2	-7.653528282156094	-8.145600656411183
2	-6.968142829061002	-7.083727103590255
1	-9.349787691340183	-5.3049979326808785
1	-9.78935958219885	-4.681698632810577
3	-7.914634533725387	-2.1134468460672187
0	-1.2213935586572822	5.528818190500254
3	-5.512289302471239	-2.9422887594387226
2	-6.808829797527218	-8.8684602453955
2	-6.748612902267346	-8.771669327037893
0	-2.1257147627744475	5.7914812124918
3	-7.4117095945160525	-1.0003036545899562
1	-10.773182938357024	-2.055837740223854
3	-5.659960000047706	-3.0919780299678243
3	-5.720780598570835	-3.6279843508332736
2	-5.761306732200136	-8.014632625505513
2	-7.853158644780032	-9.371201484318645
2	-6.870568996416727	-8.200465683124765
3	-6.882510875789308	-2.3589718476216466
1	-9.664597953181602	-5.985888336184792
0	-0.3858039757897429	6.373591618097896
2	-7.9033324742902415	-9.459061058055896
0	-0.8507155456828375	6.196244552049433
